rf/output/run1/results/raw/RF_5Prob_current.asc
NCOLS 683 
NROWS 518 
XLLCORNER -87.691661853 
YLLCORNER 10.708337021 
CELLSIZE 0.00833333376866763 
NODATA_value -9999 
[rows 310 to 340 of 518, columns 140 to 209 of 683]
0.3354 0.31588 0.33688 0.26172 0.24804 0.24044 0.24048 0.2402 0.23844 0.23228 0.23292 0.2286 0.22984 0.22936 0.23372 0.2296 0.22744 0.22724 0.22876 0.22844 0.22348 0.2236 0.21796 0.21956 0.22728 0.22864 0.22568 0.22512 0.222 0.21964 0.21912 0.21904 0.21972 0.22336 0.22084 0.24512 0.22756 0.24796 0.2354 0.23032 0.23168 0.23976 0.23992 0.24316 0.24676 0.23744 0.24592 0.23476 0.22324 0.23748 0.22212 0.22188 0.2328 0.22768 0.23552 0.26188 0.23896 0.25808 0.27988 0.3762 0.3444 0.33376 0.3186 0.35484 0.34956 0.37544 0.34116 0.39292 0.34468 0.33468
0.34412 0.38932 0.29412 0.3014 0.23648 0.24104 0.24384 0.23676 0.23528 0.23228 0.22784 0.22904 0.22728 0.22308 0.23088 0.22968 0.22972 0.22796 0.22608 0.225 0.2256 0.2226 0.22804 0.2302 0.22848 0.2226 0.22692 0.22264 0.21964 0.22208 0.22068 0.22048 0.21992 0.22212 0.22628 0.22496 0.2228 0.2296 0.22908 0.23648 0.23636 0.23832 0.23608 0.24016 0.24472 0.23424 0.23496 0.23544 0.22544 0.22012 0.22336 0.22824 0.22024 0.23056 0.25992 0.23344 0.25352 0.2356 0.28552 0.31536 0.35144 0.3678 0.36424 0.36424 0.35396 0.3244 0.32396 0.35088 0.34104 0.3646
0.3628 0.3154 0.27712 0.26568 0.23924 0.24412 0.24688 0.24248 0.23648 0.23408 0.22968 0.22732 0.23228 0.22996 0.22916 0.228 0.22576 0.22968 0.22732 0.22072 0.22068 0.23112 0.2174 0.23024 0.22824 0.22624 0.22148 0.229 0.22172 0.22372 0.21984 0.22196 0.2238 0.22656 0.224 0.2204 0.22164 0.22276 0.22572 0.232 0.2358 0.23528 0.2322 0.2366 0.24188 0.23976 0.2328 0.22836 0.2186 0.22652 0.22648 0.22268 0.2284 0.22164 0.27528 0.24108 0.24556 0.24368 0.2684 0.29872 0.33252 0.36732 0.3526 0.3662 0.36952 0.3518 0.3524 0.35392 0.32296 0.39064
0.40304 0.38752 0.31552 0.26312 0.24104 0.24036 0.2382 0.23424 0.23332 0.23164 0.22804 0.2246 0.22852 0.22764 0.23204 0.22616 0.22708 0.22844 0.22652 0.22396 0.22672 0.2262 0.22348 0.219 0.21908 0.21924 0.22088 0.22112 0.22392 0.22048 0.22296 0.22164 0.21912 0.22288 0.2222 0.22256 0.22616 0.22896 0.22552 0.22764 0.23312 0.2294 0.24396 0.23792 0.23644 0.2398 0.23972 0.22736 0.21996 0.21996 0.22904 0.2268 0.22208 0.22728 0.22428 0.23084 0.24028 0.24544 0.268 0.29496 0.37012 0.35544 0.32224 0.3748 0.3496 0.3682 0.3276 0.32768 0.33348 0.35012
0.40044 0.34812 0.30056 0.23996 0.2386 0.23396 0.23164 0.23208 0.23072 0.23324 0.23304 0.2322 0.22568 0.22764 0.22812 0.226 0.22432 0.2214 0.2174 0.21824 0.21724 0.22468 0.2236 0.21868 0.21628 0.2154 0.21484 0.224 0.21628 0.215 0.22088 0.22152 0.21616 0.22488 0.22744 0.21988 0.22228 0.228 0.23496 0.22932 0.22956 0.23388 0.2412 0.23768 0.2352 0.23496 0.23216 0.22844 0.22868 0.22408 0.2262 0.22372 0.23468 0.22592 0.2364 0.27392 0.22728 0.2418 0.23916 0.24872 0.30748 0.35412 0.3298 0.346 0.34316 0.35204 0.31972 0.346 0.33676 0.391
0.34892 0.3256 0.284 0.23876 0.23716 0.23772 0.23492 0.23392 0.23492 0.23152 0.22956 0.22872 0.22648 0.22808 0.22692 0.2282 0.22376 0.22196 0.21612 0.21568 0.2178 0.22024 0.21904 0.22092 0.22184 0.2204 0.21996 0.21548 0.2172 0.21972 0.22216 0.22276 0.22312 0.22304 0.22716 0.2278 0.22228 0.22808 0.22592 0.23104 0.2272 0.23016 0.22968 0.2372 0.23476 0.23096 0.22072 0.22464 0.22352 0.21908 0.2254 0.22268 0.22248 0.22208 0.23176 0.23696 0.26504 0.2422 0.24488 0.25872 0.26032 0.32468 0.37352 0.3466 0.36464 0.38552 0.3706 0.36644 0.33904 0.35188
0.23948 0.24012 0.23964 0.23956 0.23728 0.23988 0.23864 0.2346 0.23676 0.23044 0.23064 0.22544 0.22428 0.23036 0.22956 0.22652 0.21916 0.22116 0.21804 0.21788 0.21788 0.21808 0.21908 0.21996 0.21996 0.22296 0.22236 0.22236 0.21916 0.21976 0.22068 0.22052 0.22564 0.22548 0.223 0.2308 0.22808 0.22472 0.22904 0.22852 0.2286 0.22868 0.2278 0.22752 0.23076 0.23164 0.21872 0.22152 0.22112 0.221 0.21892 0.22944 0.22956 0.22204 0.23224 0.2336 0.23612 0.26052 0.23748 0.24132 0.26092 0.32732 0.32552 0.33252 0.3236 0.37052 0.31652 0.36168 0.3228 0.34952
0.24276 0.24084 0.24352 0.2418 0.23748 0.23888 0.23696 0.2352 0.23888 0.23776 0.23016 0.22808 0.22616 0.2296 0.2242 0.22464 0.22556 0.2216 0.21992 0.21244 0.21712 0.21564 0.21756 0.21728 0.22148 0.22156 0.2236 0.22484 0.22392 0.22404 0.221 0.22488 0.22236 0.22248 0.22496 0.22132 0.23128 0.22844 0.22672 0.22856 0.23084 0.23244 0.23424 0.23148 0.227 0.22692 0.2182 0.22232 0.22172 0.22116 0.22156 0.22724 0.2264 0.2228 0.23184 0.23468 0.23724 0.22784 0.23688 0.25004 0.2402 0.26348 0.28872 0.31608 0.35368 0.36656 0.417 0.30816 0.3576 0.32556
0.24488 0.23816 0.2404 0.23816 0.238 0.23776 0.24356 0.24628 0.242 0.22912 0.228 0.22756 0.22272 0.2254 0.22232 0.2216 0.21824 0.21716 0.21856 0.2166 0.22048 0.21484 0.21676 0.21896 0.2196 0.22616 0.22428 0.22344 0.2254 0.22556 0.2276 0.22672 0.2266 0.22536 0.22532 0.23112 0.22556 0.22724 0.22808 0.23196 0.23404 0.22608 0.23616 0.22692 0.23064 0.22832 0.22456 0.22156 0.22332 0.22172 0.22052 0.22656 0.22784 0.2244 0.25012 0.22648 0.23476 0.23188 0.23372 0.25 0.25568 0.285 0.31084 0.33632 0.35724 0.32528 0.3536 0.3364 0.30836 0.37068
0.23888 0.23916 0.23472 0.23508 0.23516 0.23576 0.23384 0.242 0.22888 0.23396 0.22216 0.2312 0.21984 0.2286 0.21916 0.2214 0.21588 0.21732 0.21632 0.21912 0.22064 0.21844 0.22364 0.22192 0.2202 0.22188 0.22048 0.2262 0.22632 0.22624 0.22656 0.2288 0.22828 0.22964 0.2308 0.22784 0.22756 0.23128 0.228 0.23296 0.2332 0.23136 0.23176 0.23192 0.22884 0.22948 0.22744 0.22556 0.22776 0.22536 0.21712 0.21944 0.22556 0.22412 0.22816 0.2258 0.2428 0.22968 0.2428 0.23576 0.32952 0.3532 0.33672 0.40592 0.35384 0.34872 0.39396 0.37564 0.27508 0.30968
0.23836 0.23476 0.2372 0.23672 0.23332 0.25248 0.25892 0.23 0.22564 0.226 0.22392 0.22252 0.22192 0.22284 0.22232 0.21468 0.21796 0.216 0.21864 0.21952 0.21868 0.2202 0.22212 0.22436 0.22364 0.22256 0.22172 0.22204 0.22412 0.2248 0.22476 0.2316 0.2276 0.2278 0.2278 0.22768 0.22808 0.22956 0.22552 0.2272 0.2288 0.228 0.22532 0.22932 0.22704 0.2274 0.22096 0.2264 0.22588 0.22776 0.22884 0.22548 0.22356 0.22396 0.22296 0.22724 0.22408 0.22908 0.24584 0.237 0.25492 0.33804 0.34768 0.3554 0.32668 0.3448 0.3454 0.2822 0.28192 0.31244
0.24064 0.24128 0.23896 0.23928 0.23948 0.2372 0.23168 0.23192 0.22776 0.22964 0.22584 0.22552 0.22568 0.22696 0.22508 0.22608 0.22412 0.21412 0.214 0.21448 0.21696 0.2192 0.22384 0.22416 0.22432 0.22404 0.2234 0.22324 0.2216 0.22396 0.2224 0.2274 0.22272 0.22288 0.22476 0.22296 0.22332 0.2256 0.2314 0.23012 0.2266 0.22564 0.22232 0.22252 0.22636 0.22648 0.22472 0.22532 0.22612 0.22736 0.22284 0.2256 0.2232 0.22196 0.22364 0.22572 0.22912 0.23044 0.24612 0.2378 0.24188 0.25052 0.27536 0.34824 0.3988 0.34748 0.37792 0.28564 0.2856 0.28684
0.23664 0.23528 0.237 0.23296 0.236 0.23092 0.2404 0.22632 0.22604 0.2234 0.22368 0.22392 0.22696 0.22592 0.22516 0.2246 0.22 0.22176 0.21748 0.2208 0.22152 0.22096 0.22484 0.22336 0.22268 0.22404 0.2216 0.22536 0.22316 0.22436 0.22496 0.22844 0.22616 0.22672 0.2256 0.22592 0.22596 0.22788 0.22776 0.22928 0.23284 0.2326 0.22328 0.232 0.22876 0.22528 0.22628 0.22628 0.2228 0.22396 0.22368 0.2242 0.22664 0.21992 0.22892 0.22788 0.22724 0.23216 0.23328 0.25036 0.25424 0.26464 0.29676 0.38032 0.34428 0.34864 0.34184 0.333 0.26464 0.30768
0.23736 0.23476 0.23336 0.23312 0.2378 0.23536 0.23712 0.23228 0.2244 0.22168 0.2214 0.22416 0.2228 0.22468 0.22352 0.22048 0.21984 0.21952 0.2218 0.22156 0.22284 0.223 0.22512 0.22488 0.22248 0.22176 0.223 0.22448 0.22428 0.22648 0.22744 0.22696 0.22676 0.22428 0.22552 0.22536 0.22524 0.229 0.23036 0.23084 0.23124 0.2314 0.23168 0.22304 0.22468 0.22776 0.22776 0.22624 0.2228 0.22088 0.2242 0.23896 0.22604 0.22436 0.22504 0.2302 0.2396 0.2418 0.23444 0.24996 0.2556 0.2604 0.28688 0.3216 0.35196 0.2996 0.26892 0.2948 0.27312 0.29272
0.23604 0.23604 0.23656 0.23928 0.23756 0.23652 0.2286 0.22904 0.22264 0.22388 0.22232 0.22136 0.22488 0.22128 0.22116 0.21984 0.21844 0.21952 0.22048 0.22264 0.22092 0.22184 0.22208 0.22004 0.2224 0.22288 0.22176 0.22696 0.22688 0.22688 0.22548 0.22604 0.22484 0.22556 0.224 0.22764 0.2276 0.22848 0.22796 0.2252 0.23188 0.22848 0.22396 0.22448 0.22744 0.22756 0.22772 0.22688 0.22644 0.2212 0.22312 0.22928 0.22656 0.2238 0.22756 0.23004 0.23964 0.23284 0.23488 0.26472 0.2514 0.25584 0.27736 0.26204 0.26568 0.28764 0.26748 0.28316 0.2802 0.29772
0.236 0.23728 0.23488 0.23716 0.23476 0.23388 0.22968 0.22728 0.226 0.22672 0.22732 0.22732 0.2272 0.2194 0.22404 0.22232 0.22152 0.22196 0.22252 0.22356 0.21964 0.22048 0.22324 0.22248 0.22368 0.22356 0.227 0.22084 0.22332 0.22384 0.22436 0.22264 0.22524 0.22364 0.22364 0.22368 0.22696 0.2286 0.23072 0.22844 0.22768 0.22556 0.22408 0.22412 0.22444 0.22604 0.22604 0.22568 0.23084 0.22424 0.22856 0.23016 0.22568 0.23088 0.2284 0.22972 0.23452 0.23584 0.238 0.24268 0.24468 0.25748 0.27772 0.27904 0.28044 0.28472 0.26552 0.28816 0.2854 0.28292
0.23188 0.2342 0.23544 0.2308 0.23044 0.2288 0.22568 0.22648 0.22508 0.2266 0.227 0.22556 0.2256 0.22472 0.22352 0.22444 0.2252 0.22568 0.22584 0.22244 0.22244 0.22348 0.22288 0.22352 0.22368 0.223 0.22284 0.21972 0.22056 0.22384 0.22216 0.2226 0.2244 0.22356 0.22572 0.22732 0.2286 0.22628 0.22856 0.22504 0.22544 0.22712 0.227 0.22536 0.22536 0.22772 0.22752 0.22684 0.22864 0.22652 0.2282 0.22964 0.2272 0.23392 0.22792 0.2322 0.23152 0.23756 0.24 0.2474 0.25664 0.25816 0.26196 0.27468 0.29108 0.28004 0.30296 0.30396 0.29112 0.28632
0.23232 0.23412 0.23516 0.23492 0.22792 0.2284 0.22324 0.224 0.22324 0.22584 0.2246 0.22316 0.22324 0.22296 0.22388 0.22428 0.2236 0.2262 0.22452 0.22484 0.22416 0.22348 0.2238 0.2244 0.22356 0.2234 0.22516 0.22604 0.22524 0.2236 0.2204 0.22376 0.22404 0.22476 0.2248 0.22748 0.22804 0.22716 0.22852 0.22828 0.22788 0.22788 0.2272 0.22688 0.22692 0.227 0.228 0.2284 0.23128 0.23184 0.22968 0.23052 0.22608 0.23092 0.23192 0.23212 0.23316 0.24016 0.24668 0.25212 0.25688 0.26156 0.27104 0.292 0.2886 0.29 0.29528 0.2896 0.2906 0.29892
0.2378 0.23636 0.233 0.2332 0.22912 0.22508 0.22636 0.22304 0.2234 0.22252 0.22392 0.22468 0.22128 0.22052 0.22032 0.22132 0.22492 0.22448 0.2256 0.22572 0.22496 0.2224 0.22148 0.22156 0.22224 0.22528 0.22432 0.22428 0.22364 0.22188 0.22564 0.22596 0.2244 0.22156 0.22228 0.22548 0.22752 0.23 0.23 0.23116 0.22984 0.22904 0.22832 0.22864 0.22896 0.22992 0.22964 0.22772 0.23464 0.23344 0.23 0.22876 0.23156 0.22696 0.23312 0.23248 0.23572 0.2446 0.24848 0.25432 0.26208 0.2686 0.279 0.30232 0.31432 0.31384 0.29756 0.29844 0.31696 0.306
0.2356 0.2364 0.23396 0.23096 0.22696 0.23092 0.22952 0.22744 0.22728 0.22592 0.22796 0.2244 0.22468 0.21984 0.22124 0.22044 0.22432 0.22416 0.2246 0.22492 0.22652 0.22272 0.22628 0.22576 0.22664 0.22476 0.22204 0.22404 0.22256 0.22364 0.22404 0.22396 0.2244 0.22404 0.22724 0.22788 0.22692 0.2298 0.23 0.23 0.23 0.22876 0.23064 0.231 0.23076 0.22968 0.22956 0.23564 0.23352 0.23356 0.22916 0.23532 0.23236 0.2284 0.23184 0.23528 0.23536 0.2424 0.24856 0.25344 0.2678 0.27684 0.28368 0.29532 0.30172 0.32212 0.32676 0.3258 0.29856 0.30892
0.24768 0.23932 0.2348 0.23116 0.23048 0.2272 0.22604 0.2272 0.22772 0.22744 0.22656 0.22496 0.22468 0.22472 0.22344 0.22388 0.22332 0.2244 0.22604 0.23344 0.23164 0.22716 0.2274 0.22676 0.2242 0.22636 0.22436 0.22168 0.22416 0.22536 0.22572 0.22576 0.22624 0.226 0.2278 0.22912 0.2296 0.2296 0.22976 0.22996 0.22908 0.22868 0.23104 0.23052 0.2306 0.2314 0.22904 0.23236 0.23344 0.23552 0.22884 0.23092 0.23092 0.23288 0.23224 0.23576 0.23928 0.2458 0.24836 0.26172 0.27 0.27692 0.29096 0.30208 0.30912 0.31252 0.31352 0.33488 0.32872 0.3192
0.2432 0.2522 0.23788 0.24116 0.23324 0.22968 0.2228 0.22488 0.22696 0.22704 0.22552 0.22468 0.22332 0.2246 0.22336 0.22392 0.22412 0.22664 0.23168 0.25108 0.23176 0.28524 0.30228 0.25444 0.24012 0.23136 0.22228 0.2222 0.22548 0.22588 0.22576 0.22708 0.22804 0.23136 0.23092 0.23104 0.23268 0.23108 0.23248 0.23196 0.23172 0.23216 0.23204 0.23204 0.23392 0.23508 0.23312 0.23136 0.23328 0.23332 0.22876 0.23284 0.2356 0.23468 0.23132 0.2396 0.23976 0.24648 0.24912 0.26464 0.2756 0.28672 0.3012 0.31064 0.31916 0.32404 0.32328 0.33024 0.33388 0.32288
0.23912 0.24788 0.2548 0.24988 0.23428 0.23496 0.22748 0.22384 0.22448 0.22568 0.22408 0.222 0.22328 0.22184 0.22304 0.22072 0.22264 0.22924 0.23252 0.26096 0.30748 0.28072 0.3008 0.31504 0.30812 0.25984 0.2264 0.22512 0.22612 0.226 0.22548 0.22752 0.23072 0.23184 0.23256 0.23168 0.23192 0.2326 0.23268 0.23248 0.23196 0.23228 0.23216 0.23216 0.23392 0.23444 0.23144 0.23228 0.2336 0.23364 0.23272 0.23008 0.23108 0.23272 0.23076 0.23476 0.2412 0.24476 0.2582 0.26212 0.27292 0.2876 0.3004 0.30796 0.32204 0.34456 0.32728 0.32212 0.30988 0.31088
0.24956 0.24736 0.25392 0.27092 0.24972 0.26304 0.26376 0.23108 0.2256 0.22144 0.21916 0.21756 0.22116 0.22096 0.2254 0.225 0.22412 0.23156 0.23892 0.3002 0.28068 0.22464 0.22656 0.3264 0.32388 0.22472 0.22788 0.22628 0.22572 0.2288 0.22864 0.22876 0.231 0.23204 0.23144 0.23308 0.23256 0.23192 0.23276 0.23252 0.2326 0.2322 0.2322 0.23344 0.23332 0.233 0.23496 0.23208 0.23316 0.23228 0.23292 0.23248 0.23004 0.23432 0.23248 0.235 0.24036 0.2442 0.2562 0.2608 0.27812 0.285 0.3004 0.30732 0.32744 0.34412 0.32776 0.31452 0.30864 0.3272
0.24408 0.25272 0.2716 0.2722 0.2812 0.26356 0.2728 0.26032 0.24248 0.23692 0.22612 0.2176 0.22088 0.2178 0.225 0.22332 0.2308 0.22788 0.24612 0.28272 0.32492 0.2252 0.22708 0.29332 0.28252 0.26088 0.23548 0.22652 0.22884 0.22832 0.2316 0.23132 0.23248 0.23116 0.23264 0.23188 0.2314 0.23144 0.23264 0.2326 0.2316 0.23272 0.2332 0.23352 0.23356 0.23312 0.23508 0.23568 0.23088 0.23224 0.23068 0.23284 0.22928 0.23892 0.23076 0.2338 0.24104 0.24316 0.25512 0.26612 0.27712 0.28544 0.2948 0.30924 0.33428 0.3178 0.32356 0.32184 0.30408 0.29608
0.27104 0.2544 0.26832 0.2758 0.2842 0.29744 0.30488 0.298 0.31896 0.23716 0.22796 0.2244 0.2226 0.22476 0.22436 0.22556 0.22376 0.23224 0.23148 0.24768 0.29492 0.27 0.30784 0.22624 0.227 0.2342 0.22864 0.22884 0.22872 0.23048 0.22972 0.23192 0.23156 0.23244 0.23268 0.23264 0.23308 0.233 0.23248 0.23372 0.23368 0.23316 0.23364 0.23304 0.233 0.233 0.23264 0.2344 0.23208 0.2322 0.23028 0.23112 0.22912 0.23828 0.23448 0.23316 0.24312 0.24704 0.25532 0.2638 0.26936 0.2828 0.29272 0.29844 0.3068 0.30676 0.31264 0.31568 0.31176 0.29976
0.25508 0.26392 0.26744 0.28512 0.2956 0.29252 0.30512 0.30232 0.31032 0.31268 0.23816 0.22156 0.22444 0.2204 0.22356 0.22272 0.22488 0.23036 0.2304 0.2274 0.231 0.24292 0.233 0.22684 0.22804 0.23004 0.22928 0.22928 0.23216 0.2328 0.2326 0.23276 0.2316 0.23156 0.23244 0.23276 0.2332 0.23356 0.23328 0.23364 0.23288 0.23312 0.23252 0.23316 0.23228 0.23228 0.23216 0.23404 0.23216 0.2318 0.2306 0.23392 0.23108 0.23748 0.23604 0.23812 0.23728 0.2412 0.25108 0.25876 0.26592 0.27756 0.28244 0.29492 0.29768 0.29792 0.29688 0.29608 0.30392 0.29112
0.25056 0.26168 0.27952 0.29544 0.29264 0.30416 0.3034 0.30296 0.31036 0.3102 0.3106 0.23324 0.222 0.22348 0.22276 0.22016 0.22876 0.22368 0.22612 0.2282 0.2262 0.2272 0.23076 0.22876 0.22992 0.22964 0.22908 0.23216 0.2344 0.23324 0.2334 0.23344 0.23336 0.23156 0.2316 0.23244 0.2324 0.2334 0.23376 0.2326 0.23256 0.23156 0.23172 0.23196 0.23208 0.2318 0.23172 0.23168 0.23236 0.23172 0.2334 0.23388 0.23164 0.23156 0.22992 0.23768 0.23616 0.24004 0.2416 0.25172 0.25428 0.2642 0.2734 0.28436 0.28848 0.28924 0.2862 0.2838 0.27992 0.29104
0.24852 0.26816 0.25764 0.28028 0.29592 0.29612 0.2888 0.29588 0.30828 0.31096 0.3076 0.32952 0.22984 0.22444 0.22456 0.22488 0.2282 0.22904 0.22912 0.22852 0.22784 0.22484 0.22984 0.23576 0.23024 0.23136 0.23288 0.23284 0.2342 0.23404 0.23284 0.233 0.23344 0.23336 0.23328 0.23204 0.23304 0.23276 0.23356 0.23232 0.23268 0.2312 0.23148 0.2326 0.2334 0.2318 0.23196 0.23164 0.2326 0.23156 0.23332 0.23556 0.2342 0.23576 0.23852 0.23488 0.23824 0.23688 0.24236 0.2426 0.25532 0.256 0.2654 0.26988 0.27624 0.27932 0.2846 0.292 0.27416 0.27188
0.289 0.28412 0.29388 0.27252 0.28816 0.30236 0.30452 0.32632 0.32592 0.30936 0.32836 0.32016 0.2394 0.22784 0.22528 0.22472 0.22272 0.2276 0.22624 0.22664 0.22912 0.22792 0.23008 0.22924 0.23144 0.233 0.23248 0.2346 0.23464 0.2342 0.23424 0.23284 0.233 0.23336 0.23348 0.23308 0.23164 0.23328 0.23284 0.2328 0.23152 0.23196 0.23116 0.233 0.2322 0.23272 0.23148 0.23244 0.23268 0.23252 0.23356 0.23336 0.23324 0.23472 0.236 0.23688 0.2326 0.23944 0.2408 0.24008 0.2438 0.25656 0.25908 0.261 0.26028 0.26732 0.26756 0.26692 0.27764 0.27764
0.27468 0.27336 0.28432 0.29732 0.29792 0.29416 0.30432 0.31784 0.31404 0.3164 0.31044 0.3126 0.29948 0.23768 0.2286 0.22628 0.2266 0.22672 0.22584 0.22708 0.22828 0.23 0.22964 0.22992 0.231 0.23312 0.23276 0.23296 0.23484 0.23496 0.23468 0.23404 0.23336 0.23332 0.23364 0.23356 0.2338 0.23368 0.23088 0.23172 0.2316 0.23192 0.2316 0.2316 0.23136 0.23308 0.23256 0.2324 0.23224 0.2338 0.23364 0.23228 0.23456 0.23456 0.2366 0.2336 0.23636 0.23244 0.23588 0.2406 0.24116 0.24416 0.24656 0.2482 0.24892 0.2544 0.25608 0.25132 0.2592 0.25768
