rf/output/run1/results/raw/RF_5Prob_current.asc
NCOLS 683 
NROWS 518 
XLLCORNER -87.691661853 
YLLCORNER 10.708337021 
CELLSIZE 0.00833333376866763 
NODATA_value -9999 
[rows 372 to 402 of 518, columns 280 to 349 of 683]
0.29832 0.30496 0.29068 0.31684 0.3408 0.31832 0.3412 0.30476 0.345 0.32812 0.3328 0.36568 0.3532 0.3418 0.34188 0.339 0.3734 0.37888 0.41344 0.43072 0.42848 0.44244 0.39332 0.42508 0.40516 0.43276 0.46176 0.4686 0.46132 0.471 0.47216 0.4744 0.47704 0.51392 0.53392 0.573 0.60988 0.61684 0.6102 0.59324 0.6716 0.6744 0.65528 0.622 0.61132 0.67408 0.64204 0.63536 0.63624 0.63748 0.6922 0.76096 0.75344 0.75352 0.73732 0.7628 0.76568 0.77296 0.78252 0.77128 0.77484 0.75536 0.79044 0.84548 0.84304 0.76556 0.82164 0.81732 0.80712 0.75816
0.297 0.30648 0.32628 0.29572 0.32168 0.31868 0.33188 0.3178 0.34008 0.31868 0.32836 0.35296 0.35392 0.35444 0.3544 0.33648 0.33776 0.34668 0.36384 0.4006 0.40676 0.38972 0.39612 0.4058 0.423 0.4442 0.49864 0.46284 0.47328 0.48072 0.47776 0.47816 0.47216 0.51736 0.52868 0.55712 0.56884 0.58124 0.59092 0.66188 0.64392 0.69268 0.68612 0.67908 0.6664 0.59948 0.6388 0.7154 0.67244 0.70968 0.71504 0.75944 0.70908 0.69 0.74156 0.77708 0.7736 0.7862 0.75744 0.76452 0.8114 0.81824 0.8156 0.81092 0.82496 0.86624 0.8184 0.82444 0.81644 0.76096
0.32072 0.2948 0.2916 0.31816 0.34328 0.31712 0.332 0.34132 0.31868 0.32556 0.33492 0.33028 0.34848 0.34692 0.35796 0.35812 0.33696 0.3384 0.36268 0.39928 0.36692 0.44724 0.39128 0.4096 0.427 0.40808 0.43124 0.48492 0.4782 0.4792 0.47088 0.47848 0.48244 0.52004 0.55708 0.5608 0.56976 0.5834 0.67264 0.66008 0.65236 0.62496 0.63308 0.67036 0.61228 0.65644 0.69008 0.72532 0.72604 0.72528 0.68728 0.749 0.67708 0.6872 0.75672 0.73628 0.76304 0.7664 0.76664 0.82976 0.8422 0.84508 0.83588 0.796 0.79424 0.83588 0.83244 0.82984 0.81836 0.78236
0.32724 0.29176 0.29096 0.30876 0.31868 0.34412 0.352 0.342 0.3124 0.3148 0.31516 0.34476 0.33124 0.34312 0.33792 0.34652 0.33972 0.33828 0.35464 0.36444 0.40104 0.38176 0.41052 0.40448 0.42532 0.44364 0.43152 0.4558 0.46028 0.46364 0.47148 0.5192 0.49016 0.53856 0.53128 0.52568 0.61064 0.64212 0.6824 0.66136 0.62204 0.62216 0.6696 0.68148 0.68428 0.65596 0.71788 0.69384 0.71876 0.68936 0.71688 0.723 0.83184 0.8054 0.80248 0.82892 0.82308 0.84724 0.822 0.81876 0.8518 0.81928 0.83444 0.84116 0.83824 0.83936 0.81192 0.77168 0.77124 0.7618
0.304 0.29272 0.33048 0.3444 0.31948 0.39292 0.3516 0.32224 0.3226 0.32784 0.31916 0.35744 0.3376 0.35156 0.34624 0.34276 0.35064 0.34484 0.3488 0.36552 0.4008 0.40728 0.40904 0.41316 0.44956 0.42696 0.43796 0.47648 0.47344 0.51592 0.47552 0.52364 0.49772 0.51656 0.54912 0.60736 0.581 0.58784 0.59368 0.58648 0.62736 0.69108 0.69868 0.675 0.7482 0.71476 0.6782 0.69364 0.6906 0.662 0.7312 0.6822 0.8292 0.81404 0.80044 0.86096 0.86464 0.8246 0.88408 0.86512 0.86392 0.83532 0.84512 0.83208 0.88116 0.83332 0.74696 0.76716 0.79348 0.76212
0.31972 0.30472 0.29204 0.30296 0.35248 0.38088 0.36256 0.33816 0.31428 0.31388 0.31384 0.31296 0.35836 0.33104 0.33824 0.35772 0.359 0.34516 0.34124 0.3506 0.35132 0.3934 0.39972 0.428 0.4164 0.4496 0.45744 0.46444 0.48628 0.49268 0.49228 0.49292 0.50104 0.506 0.55036 0.56176 0.55636 0.6072 0.59024 0.66592 0.67072 0.67804 0.67676 0.66492 0.70332 0.70412 0.69932 0.65728 0.68692 0.7104 0.70528 0.74644 0.8306 0.8378 0.82036 0.87408 0.83312 0.8392 0.87512 0.85064 0.84528 0.8616 0.8458 0.83304 0.82652 0.88156 0.83516 0.80664 0.79404 0.75988
0.30432 0.3206 0.30512 0.3602 0.33108 0.39312 0.43716 0.32964 0.32948 0.31288 0.31128 0.31356 0.3586 0.35848 0.34708 0.3352 0.3578 0.34556 0.3446 0.34752 0.35164 0.37392 0.4042 0.45548 0.46012 0.46028 0.53344 0.49112 0.50412 0.47828 0.47408 0.47224 0.54912 0.52532 0.51544 0.54044 0.58212 0.6206 0.57672 0.58352 0.67684 0.62924 0.6822 0.6934 0.684 0.67644 0.6904 0.72348 0.68708 0.74732 0.74408 0.7116 0.85232 0.77936 0.84228 0.86624 0.88308 0.83532 0.87724 0.873 0.86572 0.85828 0.88324 0.841 0.8126 0.8512 0.82928 0.7848 0.80376 0.81908
0.3328 0.32372 0.30652 0.30012 0.29352 0.38212 0.30484 0.31556 0.35048 0.31464 0.30888 0.31176 0.33732 0.35896 0.3544 0.33796 0.35836 0.36852 0.3474 0.34864 0.40624 0.4318 0.4418 0.44312 0.46888 0.45404 0.50724 0.51324 0.49512 0.48696 0.46912 0.47252 0.46928 0.51652 0.5056 0.54852 0.567 0.62324 0.68108 0.63404 0.6594 0.61052 0.66312 0.67156 0.69908 0.6692 0.73836 0.73644 0.72824 0.75936 0.74192 0.83688 0.86132 0.81484 0.84548 0.87328 0.90544 0.86516 0.85396 0.83836 0.85248 0.82924 0.897 0.85568 0.82592 0.85244 0.83344 0.77524 0.81704 0.82156
0.30412 0.30836 0.29224 0.29624 0.29644 0.3538 0.31052 0.38436 0.45876 0.30876 0.31172 0.31284 0.32784 0.35488 0.35588 0.32948 0.3444 0.3648 0.37088 0.35524 0.35504 0.40028 0.43048 0.42596 0.478 0.48332 0.46668 0.4852 0.46996 0.47328 0.49436 0.4756 0.51024 0.51192 0.54448 0.613 0.55408 0.586 0.58764 0.61584 0.69784 0.70904 0.68808 0.67336 0.70884 0.71044 0.75464 0.71816 0.70644 0.76416 0.79156 0.77096 0.7996 0.84844 0.88876 0.8692 0.90536 0.90672 0.91344 0.89728 0.88124 0.852 0.83696 0.84016 0.88016 0.84608 0.77484 0.75808 0.78872 0.8192
0.33544 0.29132 0.33544 0.31364 0.32048 0.31004 0.31244 0.34696 0.36656 0.31112 0.31324 0.3136 0.31616 0.35548 0.33076 0.34908 0.36836 0.38592 0.36976 0.35332 0.36584 0.41904 0.45188 0.40584 0.50152 0.48108 0.58088 0.47652 0.47216 0.46096 0.47412 0.54432 0.59728 0.48504 0.56076 0.57856 0.59064 0.5408 0.59112 0.64976 0.6294 0.70732 0.68068 0.68424 0.68588 0.74716 0.7256 0.72304 0.76436 0.70924 0.7376 0.80204 0.80196 0.85384 0.88648 0.89756 0.89128 0.83916 0.92124 0.85924 0.9176 0.86224 0.92188 0.87252 0.86856 0.84008 0.82908 0.73384 0.7574 0.81664
0.33144 0.2928 0.29428 0.30288 0.29244 0.29272 0.31364 0.31188 0.31128 0.3118 0.30908 0.31016 0.31352 0.34828 0.35608 0.33324 0.37168 0.411 0.37412 0.37628 0.35648 0.4174 0.40124 0.48488 0.51644 0.4756 0.54228 0.46844 0.46836 0.46284 0.4718 0.47884 0.52416 0.59152 0.55748 0.58928 0.61496 0.56684 0.57528 0.61648 0.66368 0.67436 0.70308 0.70488 0.704 0.75292 0.7446 0.69164 0.7108 0.75564 0.73116 0.80124 0.79644 0.86732 0.86292 0.89864 0.90104 0.90576 0.92092 0.9222 0.91044 0.91244 0.88224 0.8704 0.85116 0.83656 0.76076 0.7936 0.77864 0.76772
0.33156 0.32284 0.29252 0.30112 0.294 0.2962 0.32304 0.35884 0.35968 0.3288 0.30892 0.3104 0.31336 0.34928 0.3622 0.33368 0.35 0.3548 0.36652 0.38144 0.35768 0.42612 0.38136 0.48164 0.4638 0.44256 0.4502 0.46972 0.45972 0.46988 0.46596 0.50396 0.61668 0.574 0.60948 0.5576 0.57168 0.59416 0.54696 0.64312 0.57652 0.68984 0.6744 0.68892 0.70892 0.69964 0.67968 0.75576 0.709 0.74024 0.79248 0.8074 0.80084 0.85616 0.86208 0.894 0.91284 0.90784 0.91608 0.9232 0.8862 0.923 0.86724 0.91724 0.87232 0.83784 0.80964 0.76252 0.76572 0.76084
0.29352 0.33008 0.29444 0.29448 0.2926 0.2924 0.3234 0.33172 0.37348 0.30908 0.31472 0.31124 0.31128 0.36528 0.4324 0.336 0.35064 0.3498 0.34516 0.34628 0.3662 0.39532 0.42436 0.4624 0.44392 0.445 0.47236 0.46688 0.4422 0.47516 0.46628 0.4938 0.5412 0.61708 0.65012 0.63016 0.6454 0.54684 0.57988 0.55332 0.60536 0.61572 0.66856 0.6962 0.72128 0.71824 0.71676 0.71008 0.7244 0.78216 0.80084 0.81396 0.81848 0.85844 0.87512 0.88544 0.8848 0.92008 0.88936 0.9158 0.88228 0.91024 0.8838 0.86696 0.8746 0.85864 0.83668 0.7636 0.78096 0.75828
0.3322 0.29876 0.2946 0.29412 0.29328 0.29476 0.33256 0.33708 0.31112 0.34924 0.31104 0.31184 0.31096 0.32056 0.37156 0.46808 0.36588 0.33932 0.34756 0.36584 0.37248 0.41544 0.40736 0.44252 0.47944 0.44448 0.45332 0.43852 0.4438 0.46224 0.48252 0.47944 0.49664 0.58808 0.58456 0.55604 0.55788 0.5828 0.57464 0.58884 0.56044 0.61976 0.6734 0.68984 0.69004 0.71328 0.7166 0.76708 0.7576 0.76616 0.74512 0.84556 0.82012 0.8582 0.89028 0.9066 0.9146 0.92224 0.92688 0.89224 0.92972 0.9214 0.90536 0.85412 0.86764 0.75772 0.76624 0.77016 0.7782 0.78632
0.33916 0.29756 0.29768 0.2946 0.29344 0.294 0.32196 0.33308 0.33292 0.31184 0.31612 0.31252 0.31252 0.33776 0.335 0.39292 0.36652 0.36148 0.34532 0.34644 0.37128 0.38688 0.40948 0.4116 0.45584 0.46888 0.44064 0.46528 0.46776 0.46496 0.48672 0.49928 0.54616 0.60804 0.61352 0.52648 0.52292 0.55932 0.5838 0.59444 0.64696 0.60324 0.65316 0.67364 0.6892 0.69692 0.71708 0.76724 0.78012 0.767 0.76848 0.84836 0.86392 0.87104 0.87364 0.9036 0.8854 0.92196 0.926 0.88712 0.92988 0.88268 0.92444 0.86256 0.82592 0.822 0.7204 0.75984 0.76124 0.7958
0.33944 0.29876 0.29864 0.2954 0.29596 0.30748 0.29556 0.338 0.33356 0.32756 0.3134 0.3138 0.31852 0.32304 0.32652 0.34264 0.33984 0.36024 0.34912 0.36504 0.38868 0.37272 0.42664 0.40796 0.41928 0.44636 0.44616 0.46384 0.46968 0.47776 0.48804 0.48848 0.50212 0.60136 0.54032 0.52148 0.54144 0.5242 0.53228 0.60448 0.60828 0.5852 0.68664 0.6846 0.6918 0.7034 0.71408 0.69332 0.73504 0.79912 0.7764 0.81104 0.7756 0.8672 0.87212 0.90852 0.91868 0.92336 0.92672 0.88776 0.85248 0.88428 0.86324 0.90684 0.82984 0.8628 0.88452 0.87652 0.77236 0.77856
0.3418 0.29952 0.29948 0.2962 0.29736 0.299 0.33636 0.33684 0.33688 0.33464 0.30432 0.31556 0.3256 0.32048 0.32964 0.33036 0.34072 0.37668 0.35368 0.3686 0.39424 0.42116 0.379 0.4358 0.43404 0.4416 0.46512 0.46604 0.46876 0.47436 0.47056 0.48852 0.55236 0.60504 0.58012 0.54088 0.54124 0.53536 0.5242 0.55896 0.59324 0.5844 0.64712 0.6964 0.69044 0.70976 0.76368 0.75088 0.7242 0.72744 0.77688 0.80312 0.78136 0.86612 0.87976 0.88728 0.91644 0.92264 0.92804 0.89516 0.87748 0.88896 0.86996 0.9168 0.87596 0.86368 0.8768 0.81744 0.78272 0.7626
0.34268 0.30556 0.33284 0.30116 0.2978 0.34136 0.29504 0.33936 0.34124 0.33592 0.31996 0.32052 0.3204 0.348 0.33052 0.33148 0.37532 0.34424 0.34608 0.37092 0.40676 0.4372 0.3822 0.43876 0.4408 0.40104 0.46672 0.47276 0.47404 0.47444 0.47988 0.49888 0.51208 0.49332 0.54936 0.53512 0.53432 0.5344 0.56164 0.56476 0.66412 0.63 0.6216 0.68732 0.67648 0.7118 0.70588 0.76676 0.72668 0.74524 0.78636 0.8058 0.78696 0.87056 0.89252 0.91068 0.89464 0.92052 0.91552 0.8008 0.88884 0.86716 0.85348 0.8708 0.9066 0.84648 0.86472 0.83048 0.76772 0.7752
0.34376 0.30356 0.30968 0.3058 0.29944 0.29872 0.29968 0.31836 0.341 0.35616 0.31872 0.323 0.32504 0.32972 0.32892 0.33232 0.3712 0.35224 0.3508 0.36976 0.41036 0.4134 0.48116 0.49044 0.43608 0.4008 0.42288 0.47492 0.4754 0.48984 0.46088 0.497 0.4976 0.50472 0.52276 0.511 0.53308 0.56832 0.5896 0.664 0.6244 0.5882 0.67128 0.6788 0.71376 0.72076 0.72216 0.73168 0.77504 0.73024 0.8012 0.79084 0.8414 0.88024 0.84324 0.90756 0.91956 0.9216 0.888 0.83064 0.92692 0.91704 0.88888 0.87264 0.87036 0.8592 0.78636 0.76428 0.76504 0.77092
0.32704 0.35028 0.30328 0.3184 0.30024 0.3052 0.301 0.30464 0.3422 0.35684 0.34156 0.3494 0.32944 0.33048 0.32856 0.36716 0.33892 0.3534 0.38168 0.3556 0.3938 0.4224 0.4458 0.45244 0.45576 0.43056 0.43352 0.47312 0.47844 0.49364 0.4894 0.48804 0.5248 0.50428 0.52164 0.51448 0.54932 0.54528 0.5684 0.68408 0.73596 0.63152 0.67908 0.68024 0.69156 0.72412 0.73032 0.77876 0.78624 0.73852 0.77096 0.84208 0.81764 0.87856 0.8858 0.86276 0.89464 0.92392 0.91716 0.85976 0.81144 0.921 0.91908 0.8876 0.8062 0.839 0.77004 0.75656 0.78312 0.76216
0.32824 0.30556 0.30608 0.305 0.3028 0.30668 0.3066 0.34248 0.34484 0.34252 0.353 0.32352 0.3302 0.32888 0.33828 0.34524 0.3682 0.3832 0.37228 0.35644 0.3634 0.4252 0.40048 0.41228 0.42308 0.45436 0.42708 0.46496 0.46632 0.50436 0.48872 0.49176 0.53892 0.50764 0.53048 0.53524 0.51828 0.5528 0.56532 0.58568 0.69308 0.68152 0.68732 0.70096 0.7084 0.72656 0.73404 0.73208 0.78148 0.7394 0.78612 0.82864 0.83784 0.8462 0.89204 0.88096 0.86896 0.87732 0.8874 0.821 0.8108 0.83816 0.8628 0.86396 0.83512 0.83232 0.83084 0.76608 0.817 0.83668
0.32876 0.30724 0.31844 0.30944 0.31012 0.30752 0.30764 0.30568 0.32076 0.34192 0.3592 0.33052 0.33136 0.3332 0.35428 0.34828 0.357 0.383 0.35748 0.36376 0.3806 0.40932 0.4018 0.42276 0.4234 0.45572 0.41068 0.46696 0.47644 0.50156 0.50996 0.49676 0.54184 0.49544 0.52748 0.54076 0.53552 0.5554 0.59208 0.56784 0.58172 0.62116 0.68772 0.6964 0.67872 0.73488 0.73588 0.72348 0.7276 0.79584 0.7768 0.8246 0.86372 0.88056 0.79868 0.7962 0.79964 0.90476 0.8786 0.79968 0.76964 0.78696 0.9066 0.92264 0.8958 0.87732 0.83108 0.79588 0.83548 0.825
0.33008 0.31888 0.3188 0.307 0.3072 0.30732 0.30776 0.3104 0.30652 0.34612 0.3408 0.32896 0.33304 0.33396 0.34316 0.34688 0.34876 0.37512 0.37484 0.3782 0.36996 0.37952 0.41772 0.43828 0.44244 0.44984 0.44048 0.43404 0.50608 0.50664 0.4968 0.498 0.49488 0.53036 0.50976 0.5438 0.55104 0.53204 0.61128 0.5758 0.63092 0.59604 0.73184 0.6354 0.67348 0.7268 0.71128 0.72668 0.72592 0.79616 0.80032 0.84408 0.81492 0.88672 0.85836 0.88508 0.80076 0.7924 0.85208 0.87868 0.77376 0.76964 0.7702 0.86816 0.90096 0.85576 0.8402 0.85884 0.83432 0.83432
0.32908 0.31964 0.3202 0.3006 0.30844 0.31092 0.31108 0.31084 0.32604 0.34496 0.33288 0.33804 0.33572 0.34124 0.3474 0.3496 0.35068 0.38952 0.38864 0.39428 0.3952 0.38696 0.39096 0.4428 0.4452 0.44476 0.44344 0.46712 0.50112 0.51344 0.51352 0.50948 0.4982 0.50996 0.53524 0.54848 0.53332 0.55404 0.57796 0.62832 0.5848 0.64372 0.63204 0.63852 0.67992 0.70136 0.75268 0.6912 0.7398 0.74088 0.79028 0.80656 0.83816 0.87672 0.87712 0.91564 0.8706 0.83648 0.89124 0.89408 0.86184 0.84108 0.89356 0.92864 0.9208 0.9222 0.88096 0.91452 0.84124 0.84464
0.33516 0.32308 0.30232 0.3096 0.30708 0.31884 0.31456 0.33108 0.3266 0.3498 0.34644 0.33712 0.3368 0.34028 0.35336 0.35692 0.35332 0.3926 0.3828 0.39704 0.3962 0.3916 0.39288 0.42596 0.44536 0.45908 0.43944 0.4694 0.50084 0.50376 0.51568 0.521 0.52908 0.5112 0.55248 0.54336 0.5368 0.55808 0.58488 0.58028 0.62988 0.64908 0.60196 0.6538 0.6536 0.68252 0.67712 0.70168 0.7474 0.74464 0.80976 0.80684 0.82976 0.82356 0.88456 0.89824 0.9194 0.92588 0.89208 0.82284 0.85552 0.86684 0.88728 0.88768 0.9178 0.89036 0.92252 0.88124 0.875 0.7628
0.33556 0.31728 0.30412 0.30416 0.3124 0.31156 0.31552 0.31748 0.32988 0.32888 0.3502 0.34328 0.3422 0.34108 0.34792 0.35936 0.35696 0.395 0.38676 0.40384 0.397 0.44644 0.40332 0.4078 0.44548 0.46592 0.43624 0.48692 0.56152 0.46484 0.51788 0.52952 0.53724 0.53004 0.53112 0.55924 0.55308 0.56532 0.62244 0.64068 0.62704 0.65172 0.64616 0.65212 0.66484 0.66704 0.69608 0.74832 0.69872 0.72664 0.8112 0.80788 0.81828 0.8798 0.88812 0.89348 0.89736 0.8968 0.90468 0.89484 0.9028 0.89088 0.93208 0.89252 0.90288 0.88868 0.92152 0.86476 0.84944 0.82808
0.32904 0.33232 0.30788 0.3028 0.304 0.31596 0.31812 0.3194 0.34128 0.32992 0.361 0.34544 0.34272 0.34412 0.3528 0.354 0.39704 0.40412 0.40888 0.40668 0.4028 0.41208 0.39912 0.44856 0.43056 0.46168 0.47076 0.49008 0.46432 0.55316 0.50112 0.5372 0.53744 0.52068 0.56472 0.53456 0.53984 0.57164 0.58976 0.65716 0.64904 0.6528 0.62736 0.66168 0.65688 0.6682 0.6644 0.73904 0.7532 0.73296 0.81744 0.81476 0.84324 0.88188 0.85784 0.85628 0.90564 0.9232 0.90248 0.91488 0.86052 0.92692 0.9288 0.93132 0.92184 0.87148 0.881 0.90416 0.89192 0.85508
0.33096 0.30744 0.30704 0.3092 0.30928 0.32292 0.32748 0.3246 0.3196 0.34508 0.33936 0.35284 0.34852 0.3462 0.36452 0.35588 0.36964 0.41596 0.41152 0.41392 0.40876 0.41368 0.41972 0.45616 0.4656 0.46244 0.45652 0.46392 0.46948 0.478 0.49472 0.50192 0.52436 0.51224 0.56156 0.5602 0.54604 0.57288 0.63132 0.64448 0.65252 0.67088 0.66408 0.63512 0.6694 0.67368 0.6724 0.75048 0.75616 0.72816 0.82308 0.84564 0.84724 0.89072 0.76992 0.90568 0.90624 0.92424 0.9226 0.90048 0.92152 0.92856 0.8926 0.92052 0.89052 0.85404 0.91444 0.88968 0.88624 0.8944
0.33712 0.3352 0.30704 0.30756 0.31244 0.31832 0.32424 0.32652 0.34948 0.33792 0.34376 0.35592 0.35184 0.35104 0.35808 0.36608 0.4142 0.41648 0.4102 0.41368 0.41224 0.40124 0.42208 0.42724 0.4636 0.4638 0.46356 0.46664 0.45656 0.48012 0.49836 0.50276 0.55196 0.5476 0.5306 0.55884 0.54876 0.56188 0.57384 0.57952 0.66796 0.66572 0.67184 0.63424 0.67724 0.66924 0.66404 0.75544 0.81368 0.76668 0.77244 0.82224 0.86176 0.8966 0.79592 0.8654 0.92516 0.92552 0.92404 0.93056 0.9282 0.89608 0.9262 0.85864 0.89376 0.8728 0.78676 0.88784 0.85424 0.85404
0.30856 0.30752 0.31076 0.3094 0.31236 0.31632 0.33036 0.3288 0.32704 0.34308 0.35732 0.35756 0.35584 0.36032 0.35892 0.37592 0.41604 0.41792 0.41432 0.4154 0.41396 0.40484 0.41348 0.43464 0.43732 0.47348 0.46764 0.46852 0.45812 0.47528 0.52336 0.52448 0.54516 0.53072 0.53368 0.56644 0.54876 0.57904 0.61316 0.69204 0.66404 0.67216 0.67264 0.67556 0.63616 0.68336 0.65656 0.78084 0.7104 0.75868 0.77768 0.83204 0.85804 0.88276 0.90984 0.87744 0.90616 0.90164 0.91708 0.894 0.92812 0.92552 0.92516 0.8766 0.8642 0.8628 0.8004 0.88544 0.88228 0.88976
0.31068 0.31452 0.3126 0.3152 0.31964 0.32228 0.3306 0.33256 0.36148 0.35596 0.37088 0.34748 0.36324 0.3624 0.36724 0.37064 0.42256 0.42328 0.42604 0.41816 0.41832 0.41152 0.42072 0.44032 0.43896 0.47716 0.46812 0.47536 0.4792 0.48304 0.497 0.52936 0.52368 0.54444 0.57132 0.57016 0.56 0.58432 0.59092 0.66132 0.6734 0.61336 0.63544 0.63744 0.67584 0.67628 0.66696 0.77804 0.75712 0.72476 0.77944 0.83392 0.8316 0.86704 0.91056 0.90696 0.9228 0.9166 0.92216 0.92484 0.89912 0.92592 0.92808 0.83808 0.89744 0.8636 0.80728 0.88536 0.75984 0.83124
