rf/output/run1/results/raw/RF_5Prob_current.asc
NCOLS 683 
NROWS 518 
XLLCORNER -87.691661853 
YLLCORNER 10.708337021 
CELLSIZE 0.00833333376866763 
NODATA_value -9999 
[rows 403 to 433 of 518, columns 350 to 419 of 683]
0.9168 0.87348 0.86216 0.86268 0.8578 0.84508 0.81192 0.80672 0.78612 0.77832 0.76444 0.7526 0.7576 0.74708 0.75176 0.74784 0.74556 0.74272 0.74176 0.7388 0.73468 0.73088 0.7356 0.74004 0.73968 0.74296 0.74168 0.74408 0.74372 0.74336 0.7436 0.7404 0.74108 0.73704 0.73692 0.73404 0.72832 0.72344 0.7202 0.71536 0.71688 0.7038 0.70496 0.70184 0.6978 0.69756 0.6918 0.6844 0.68472 0.69532 0.69216 0.69564 0.71852 0.71164 0.70196 0.70464 0.70036 0.71172 0.72128 0.76264 0.775 0.75716 0.75384 0.76988 0.79564 0.80284 0.79844 0.79696 0.79824 0.79404
0.91692 0.87572 0.90044 0.85864 0.85204 0.80696 0.8114 0.80668 0.77744 0.76624 0.75304 0.75392 0.75468 0.75164 0.75068 0.75216 0.74948 0.73916 0.73876 0.74436 0.73716 0.73908 0.74268 0.74528 0.74816 0.7618 0.74744 0.75932 0.76168 0.75772 0.75832 0.75208 0.7504 0.74956 0.74976 0.74532 0.73424 0.72612 0.72856 0.72364 0.71304 0.71172 0.70688 0.7032 0.70344 0.69656 0.69148 0.69664 0.69064 0.6892 0.69396 0.69744 0.69668 0.70188 0.70088 0.7234 0.72452 0.71248 0.71468 0.76348 0.76112 0.7686 0.77464 0.80056 0.80776 0.80284 0.79148 0.79552 0.79812 0.79616
0.91868 0.8786 0.87568 0.83992 0.84824 0.78968 0.79728 0.78056 0.76184 0.7594 0.75544 0.7546 0.7692 0.75272 0.75228 0.74944 0.74896 0.74236 0.75104 0.73968 0.7378 0.74824 0.747 0.74972 0.7466 0.7544 0.7548 0.75356 0.7686 0.7724 0.76948 0.76196 0.74944 0.75564 0.75148 0.7436 0.74936 0.73672 0.72652 0.72144 0.7254 0.71764 0.71364 0.70928 0.70364 0.70076 0.69628 0.69228 0.6954 0.7088 0.70076 0.70424 0.70004 0.69256 0.68844 0.70808 0.70736 0.74708 0.75936 0.76512 0.77268 0.7784 0.7836 0.77096 0.7792 0.78488 0.79224 0.813 0.80912 0.79728
0.91592 0.91524 0.89404 0.85624 0.842 0.85756 0.8514 0.77172 0.75992 0.7566 0.75168 0.75988 0.76152 0.75928 0.75304 0.74804 0.74944 0.74536 0.749 0.74384 0.74876 0.75264 0.74452 0.75216 0.75284 0.75592 0.75308 0.76896 0.76352 0.76964 0.77324 0.76296 0.76576 0.76432 0.75444 0.74892 0.745 0.741 0.73468 0.72308 0.72912 0.72404 0.72568 0.71644 0.70496 0.69932 0.70048 0.72192 0.73872 0.73488 0.71544 0.71852 0.68952 0.69076 0.6806 0.73872 0.7484 0.7404 0.75648 0.77148 0.76908 0.77048 0.7856 0.78364 0.77868 0.79904 0.81356 0.81144 0.8054 0.80364
0.91444 0.85032 0.8912 0.87608 0.90676 0.85948 0.8394 0.82572 0.7646 0.75424 0.75388 0.75236 0.75544 0.76128 0.76144 0.74972 0.75492 0.74356 0.75548 0.75664 0.75016 0.75624 0.76616 0.7586 0.75408 0.753 0.76168 0.75844 0.76972 0.77448 0.77468 0.77392 0.76344 0.7648 0.76248 0.75232 0.75476 0.74408 0.7394 0.73436 0.73316 0.73148 0.72712 0.71832 0.71124 0.70568 0.7002 0.76632 0.7718 0.7704 0.73224 0.70404 0.69828 0.67528 0.71916 0.7002 0.6864 0.7008 0.74496 0.7696 0.76648 0.75932 0.76776 0.79004 0.79736 0.797 0.81252 0.8112 0.80288 0.80192
0.91788 0.91732 0.90896 0.8724 0.84616 0.80764 0.76512 0.76756 0.76544 0.76844 0.7634 0.7552 0.75332 0.7582 0.75804 0.75732 0.75488 0.74756 0.75508 0.75116 0.76584 0.77388 0.7642 0.76156 0.7538 0.75824 0.76812 0.76776 0.77164 0.77288 0.77268 0.774 0.75784 0.7612 0.76196 0.74992 0.75252 0.74728 0.74236 0.73992 0.73792 0.71924 0.72408 0.7166 0.71808 0.71292 0.70508 0.73184 0.77576 0.75936 0.70756 0.67936 0.6948 0.68096 0.6852 0.7 0.702 0.68376 0.75104 0.761 0.7648 0.77016 0.77484 0.78524 0.79092 0.79556 0.81152 0.81252 0.81484 0.80392
0.9172 0.90764 0.91652 0.90944 0.84436 0.76784 0.76268 0.76504 0.76404 0.76992 0.76592 0.76064 0.7572 0.763 0.75552 0.75244 0.75416 0.76536 0.76252 0.75628 0.74964 0.75316 0.76776 0.7608 0.76168 0.76124 0.7786 0.77656 0.77612 0.76608 0.77548 0.76956 0.7726 0.76516 0.75656 0.755 0.7494 0.74376 0.7356 0.74456 0.7284 0.7248 0.72344 0.72376 0.71744 0.72192 0.76124 0.77132 0.7738 0.7336 0.69156 0.67512 0.6792 0.66824 0.71532 0.72304 0.70296 0.73728 0.77088 0.76108 0.76704 0.7748 0.77988 0.78484 0.79852 0.80068 0.80596 0.81312 0.78856 0.78928
0.92144 0.91772 0.86248 0.86212 0.80188 0.84548 0.82988 0.8214 0.76404 0.76816 0.7644 0.76184 0.76304 0.75572 0.75816 0.75724 0.759 0.76224 0.77196 0.76424 0.74508 0.74708 0.77096 0.7804 0.77204 0.76792 0.77244 0.775 0.77696 0.77548 0.76896 0.77332 0.77156 0.76896 0.75736 0.75968 0.75728 0.74692 0.73884 0.73708 0.72064 0.7234 0.72644 0.72164 0.72412 0.72072 0.75708 0.71828 0.6974 0.69004 0.68192 0.68732 0.6718 0.7086 0.72264 0.70948 0.73092 0.75024 0.73988 0.75928 0.7534 0.75896 0.76824 0.73648 0.7704 0.7862 0.81212 0.82436 0.81568 0.81852
0.90044 0.91628 0.90944 0.90728 0.85148 0.85556 0.85428 0.84844 0.78924 0.762 0.76864 0.79964 0.77112 0.76664 0.77284 0.75876 0.76088 0.75824 0.77204 0.77824 0.75776 0.73492 0.75992 0.77432 0.77652 0.77332 0.77244 0.774 0.77368 0.77708 0.77184 0.77228 0.7668 0.7682 0.76416 0.76512 0.745 0.75484 0.73908 0.7406 0.73084 0.73064 0.70568 0.72488 0.73348 0.72296 0.72884 0.7186 0.692 0.66748 0.67788 0.712 0.71288 0.73348 0.71544 0.7038 0.6762 0.67628 0.69764 0.72204 0.70924 0.70624 0.77268 0.775 0.74932 0.77588 0.81796 0.8196 0.81552 0.8194
0.89288 0.85412 0.86324 0.89592 0.89504 0.86972 0.8674 0.86048 0.79756 0.8272 0.78388 0.83428 0.75964 0.76824 0.76056 0.75104 0.74232 0.7776 0.75672 0.71884 0.71244 0.71556 0.76076 0.7718 0.78404 0.7784 0.77868 0.7678 0.77424 0.7792 0.77096 0.76968 0.76288 0.76724 0.76184 0.7558 0.75864 0.74124 0.7428 0.73976 0.73444 0.73044 0.7006 0.7246 0.72484 0.6962 0.7078 0.6702 0.67748 0.68824 0.70196 0.71404 0.72408 0.71848 0.69684 0.66552 0.68796 0.6786 0.7014 0.72808 0.7162 0.72292 0.72272 0.77756 0.76748 0.80652 0.81196 0.76812 0.7536 0.8202
0.88188 0.89168 0.88976 0.8884 0.89888 0.90764 0.8494 0.85976 0.84488 0.80544 0.82632 0.80376 0.7584 0.77728 0.74836 0.78008 0.7506 0.72784 0.73684 0.70772 0.71544 0.70256 0.77372 0.76724 0.78352 0.77236 0.7748 0.77708 0.76428 0.77444 0.77012 0.776 0.76728 0.7724 0.76788 0.7678 0.76088 0.7542 0.74488 0.74256 0.73768 0.72716 0.72192 0.71944 0.71632 0.68568 0.71388 0.67848 0.7186 0.71896 0.7122 0.71184 0.72224 0.69196 0.67136 0.6792 0.67956 0.6788 0.68256 0.74988 0.7352 0.72272 0.72012 0.77924 0.79776 0.80824 0.80428 0.80344 0.75912 0.78316
0.90168 0.91272 0.91332 0.91144 0.8692 0.90808 0.86384 0.89024 0.88488 0.84644 0.83988 0.816 0.7482 0.75308 0.80036 0.7884 0.78204 0.77916 0.70992 0.68792 0.6748 0.71536 0.77332 0.77468 0.75856 0.78124 0.75088 0.75336 0.74752 0.76376 0.77956 0.7742 0.76852 0.76552 0.76616 0.76496 0.74956 0.7574 0.75292 0.74992 0.73964 0.7184 0.7282 0.73188 0.71456 0.69344 0.73108 0.72368 0.72336 0.692 0.6728 0.67256 0.68744 0.66604 0.66228 0.68192 0.69172 0.73772 0.70292 0.73172 0.7272 0.72168 0.72336 0.74216 0.79324 0.8012 0.80168 0.81264 0.75884 0.73052
0.85832 0.91276 0.91352 0.90924 0.90184 0.85732 0.85816 0.85908 0.85048 0.88312 0.8442 0.806 0.7944 0.80068 0.79296 0.78768 0.77988 0.77104 0.73332 0.72612 0.67136 0.67232 0.67432 0.66976 0.70344 0.72896 0.71308 0.71312 0.71244 0.74456 0.76264 0.75892 0.7618 0.76128 0.75956 0.75912 0.73852 0.7468 0.74472 0.74252 0.74444 0.72892 0.72256 0.72888 0.7428 0.73564 0.73248 0.72672 0.72544 0.71812 0.67792 0.68468 0.68488 0.67828 0.66404 0.71352 0.72008 0.73544 0.68028 0.72108 0.69576 0.73016 0.7716 0.78624 0.79396 0.79512 0.81828 0.76896 0.75692 0.7586
0.91528 0.9004 0.89136 0.89336 0.8902 0.84876 0.84448 0.84496 0.83004 0.83504 0.83 0.8262 0.82272 0.80664 0.80224 0.7852 0.77232 0.75264 0.72604 0.72028 0.7166 0.67884 0.63636 0.62804 0.6318 0.64676 0.65132 0.68696 0.67212 0.72476 0.72244 0.7468 0.75368 0.77076 0.7566 0.7426 0.74152 0.75836 0.75136 0.74532 0.73388 0.71644 0.70928 0.7206 0.73308 0.74796 0.73308 0.73396 0.7362 0.72092 0.6894 0.68236 0.67868 0.68224 0.682 0.68004 0.73668 0.71912 0.70892 0.69208 0.6986 0.71496 0.76152 0.7686 0.80492 0.79556 0.81636 0.83064 0.8194 0.77016
0.9172 0.91512 0.89072 0.85356 0.88704 0.84504 0.8392 0.83988 0.8386 0.8172 0.8102 0.82104 0.8036 0.80864 0.80548 0.77968 0.77356 0.77108 0.69724 0.71692 0.71332 0.6444 0.69796 0.75868 0.6498 0.60872 0.64352 0.6634 0.70892 0.6962 0.71608 0.73888 0.75488 0.77152 0.7676 0.75936 0.76124 0.74908 0.7584 0.73968 0.74508 0.75796 0.71144 0.74328 0.74488 0.74264 0.73436 0.7452 0.74132 0.72208 0.69524 0.67596 0.66172 0.67428 0.6654 0.66724 0.7482 0.74616 0.73224 0.70468 0.74352 0.72536 0.77548 0.76572 0.76784 0.79588 0.81036 0.82484 0.82852 0.80836
0.9144 0.91216 0.9058 0.902 0.84716 0.84656 0.82736 0.83068 0.81904 0.8058 0.80992 0.80056 0.80348 0.80556 0.79324 0.7792 0.776 0.75624 0.75248 0.74812 0.744 0.64756 0.71248 0.67 0.62004 0.62916 0.6562 0.662 0.71804 0.72328 0.72652 0.72432 0.7484 0.7584 0.75984 0.73792 0.73916 0.74768 0.7408 0.75352 0.76964 0.76168 0.75672 0.76688 0.76968 0.76248 0.75112 0.75548 0.74892 0.72816 0.6964 0.68628 0.71444 0.68404 0.67676 0.70764 0.74 0.75068 0.75204 0.7482 0.75568 0.77364 0.77912 0.76252 0.7834 0.7804 0.80796 0.81844 0.82912 0.77016
0.91648 0.91432 0.90824 0.90308 0.89804 0.8462 0.86768 0.7964 0.8168 0.80092 0.8018 0.79928 0.80716 0.79952 0.79104 0.7802 0.76388 0.74804 0.7508 0.71532 0.73236 0.73956 0.73876 0.72548 0.6692 0.633 0.64272 0.66968 0.71348 0.71428 0.72072 0.72832 0.74808 0.75404 0.74528 0.75688 0.74308 0.73992 0.7546 0.7686 0.74204 0.74404 0.77684 0.77892 0.77076 0.76144 0.76276 0.75392 0.75476 0.739 0.71352 0.71316 0.71552 0.70604 0.71968 0.6808 0.71748 0.74992 0.7452 0.76164 0.76804 0.77176 0.7756 0.75908 0.7796 0.77984 0.80324 0.79228 0.81228 0.83196
0.91604 0.91392 0.87364 0.90496 0.87912 0.89152 0.86632 0.86132 0.80648 0.77396 0.76696 0.80408 0.7912 0.78496 0.78936 0.77508 0.76116 0.7206 0.67928 0.66972 0.67716 0.69372 0.72696 0.67292 0.64064 0.70012 0.6838 0.6598 0.68432 0.69668 0.7416 0.73772 0.74244 0.75428 0.74472 0.73988 0.74744 0.7518 0.77032 0.72932 0.72428 0.7744 0.78436 0.75936 0.75224 0.76684 0.75384 0.75636 0.75344 0.72564 0.67968 0.71188 0.71592 0.72756 0.71884 0.70736 0.75212 0.74992 0.7528 0.75568 0.76932 0.77208 0.77284 0.79248 0.78628 0.81972 0.82516 0.82372 0.82576 0.80532
0.91596 0.91288 0.90556 0.90652 0.90432 0.89572 0.87736 0.83316 0.80496 0.81356 0.83376 0.80808 0.7792 0.75984 0.75816 0.76192 0.6912 0.6928 0.7086 0.67732 0.70936 0.6566 0.71944 0.6544 0.65524 0.70512 0.678 0.66384 0.70308 0.72856 0.72524 0.75012 0.7594 0.7434 0.79688 0.73828 0.73484 0.73464 0.7376 0.7288 0.79128 0.7898 0.76868 0.75944 0.76008 0.74896 0.74216 0.74328 0.7568 0.72792 0.72192 0.71568 0.73436 0.73932 0.74164 0.75328 0.74176 0.74376 0.73176 0.70592 0.7694 0.77876 0.782 0.7758 0.79684 0.80632 0.7804 0.8186 0.83224 0.80676
0.91664 0.90792 0.8914 0.90956 0.90588 0.90476 0.90156 0.8706 0.84996 0.83292 0.80912 0.84332 0.8364 0.78272 0.72428 0.73016 0.69376 0.69156 0.703 0.6802 0.67144 0.6762 0.67632 0.65952 0.66332 0.72176 0.68568 0.68212 0.689 0.71176 0.73164 0.7638 0.77336 0.77316 0.79556 0.75348 0.79204 0.79712 0.77788 0.7964 0.77536 0.71944 0.76384 0.7698 0.7622 0.76204 0.76144 0.73832 0.74864 0.75188 0.73504 0.74636 0.74744 0.75368 0.75968 0.75424 0.74328 0.72776 0.7156 0.71512 0.75684 0.7686 0.78744 0.79108 0.76644 0.77444 0.82116 0.81808 0.77972 0.83032
0.91664 0.91816 0.89608 0.91004 0.90596 0.90656 0.86104 0.89428 0.89088 0.86948 0.82352 0.81384 0.79204 0.7622 0.73668 0.71104 0.70292 0.74256 0.68304 0.71988 0.67356 0.69524 0.6832 0.68576 0.68276 0.70464 0.72336 0.72532 0.71644 0.72704 0.7352 0.76656 0.7738 0.77048 0.79048 0.79728 0.80584 0.73976 0.74868 0.73464 0.72216 0.77364 0.7616 0.7688 0.7724 0.76972 0.76248 0.75528 0.75008 0.75348 0.75544 0.74208 0.73528 0.7396 0.74704 0.7508 0.74176 0.75216 0.74 0.74248 0.7604 0.77648 0.773 0.77548 0.76728 0.80312 0.74492 0.79664 0.83232 0.74816
0.9192 0.9218 0.9166 0.91116 0.90756 0.90616 0.9012 0.89576 0.89064 0.84868 0.83924 0.83208 0.82488 0.78284 0.7712 0.7754 0.75668 0.71856 0.79184 0.74568 0.6954 0.69624 0.6802 0.6964 0.7168 0.743 0.7532 0.72468 0.73296 0.754 0.73788 0.75508 0.77236 0.77044 0.77332 0.7734 0.75324 0.7338 0.7422 0.77256 0.75588 0.75264 0.76892 0.767 0.76584 0.74612 0.7624 0.76064 0.75836 0.7538 0.74688 0.72992 0.71776 0.73648 0.72372 0.71008 0.72124 0.74368 0.75072 0.75644 0.74964 0.73968 0.73648 0.73564 0.78912 0.82108 0.81616 0.80372 0.83272 0.74584
0.921 0.92092 0.9184 0.91904 0.91452 0.9126 0.91 0.90484 0.84772 0.88168 0.84024 0.86348 0.8222 0.81284 0.79 0.78872 0.71384 0.77736 0.70796 0.69848 0.77452 0.73076 0.6974 0.7 0.75732 0.75496 0.7576 0.74284 0.74876 0.75428 0.74484 0.74236 0.75924 0.75212 0.75632 0.75296 0.73312 0.75568 0.7806 0.75888 0.75324 0.77932 0.78188 0.7534 0.75024 0.75528 0.7524 0.75716 0.75788 0.7578 0.73972 0.70956 0.69108 0.73344 0.72004 0.71708 0.72108 0.74256 0.73524 0.75584 0.73032 0.73656 0.73776 0.73636 0.73568 0.78032 0.73196 0.8272 0.83036 0.83168
0.92484 0.92512 0.92252 0.91864 0.91124 0.90504 0.89152 0.90328 0.87356 0.82724 0.83296 0.83668 0.82032 0.81708 0.80556 0.77272 0.74776 0.74844 0.73248 0.7152 0.71384 0.76524 0.7748 0.74188 0.734 0.7576 0.76 0.76028 0.75992 0.76128 0.74912 0.74188 0.75136 0.74944 0.7432 0.7368 0.75844 0.74164 0.73824 0.7338 0.74736 0.7512 0.76496 0.7538 0.735 0.75832 0.7654 0.76344 0.7656 0.75628 0.74244 0.72404 0.71836 0.73704 0.7208 0.72016 0.71272 0.69616 0.71964 0.71556 0.72828 0.73408 0.762 0.7344 0.73476 0.7304 0.75048 0.82512 0.80124 0.79592
0.92652 0.92432 0.92428 0.92016 0.89912 0.88848 0.89148 0.84684 0.8392 0.82732 0.83028 0.83464 0.82584 0.803 0.7868 0.7814 0.74136 0.72736 0.76908 0.76392 0.76864 0.72664 0.73904 0.76504 0.74824 0.7704 0.74872 0.76396 0.76716 0.76528 0.73956 0.74476 0.75924 0.73572 0.7436 0.77304 0.7666 0.73244 0.73624 0.71584 0.73536 0.70952 0.74064 0.748 0.75064 0.74476 0.76744 0.7348 0.6794 0.74852 0.74044 0.73248 0.70516 0.70984 0.70628 0.71032 0.67616 0.71864 0.70812 0.73732 0.7514 0.7822 0.7608 0.78824 0.82084 0.80088 0.81996 0.83092 0.80404 0.80968
0.92572 0.9208 0.92388 0.92536 0.92184 0.89004 0.88996 0.85096 0.8422 0.83528 0.82744 0.8316 0.81696 0.83732 0.79976 0.75448 0.77092 0.75112 0.7564 0.7584 0.75304 0.77676 0.76064 0.76616 0.787 0.73936 0.76436 0.77552 0.75948 0.74436 0.7564 0.75508 0.75768 0.75236 0.75212 0.75908 0.73392 0.72636 0.7606 0.7336 0.73636 0.72512 0.73248 0.71444 0.7374 0.74744 0.75748 0.69968 0.73652 0.73136 0.74236 0.71876 0.70104 0.6676 0.67292 0.69644 0.72172 0.74568 0.748 0.72492 0.76024 0.78588 0.79584 0.80092 0.81396 0.81524 0.83852 0.81912 0.83504 0.83044
0.92248 0.93204 0.93096 0.92632 0.9224 0.9122 0.8882 0.8812 0.82544 0.83596 0.83968 0.82376 0.82668 0.85208 0.78244 0.75228 0.7556 0.74852 0.75292 0.78868 0.7898 0.74468 0.80472 0.8 0.79656 0.7482 0.7488 0.74776 0.7436 0.765 0.74108 0.76312 0.75816 0.75024 0.75028 0.7458 0.74068 0.72676 0.73384 0.70964 0.73572 0.72388 0.72292 0.70228 0.73932 0.74936 0.7324 0.73632 0.71704 0.70144 0.6716 0.65964 0.65296 0.6776 0.67632 0.6996 0.73252 0.7158 0.71616 0.72676 0.75004 0.79352 0.79428 0.80456 0.80232 0.78548 0.81716 0.82188 0.83476 0.77188
0.93788 0.93388 0.93192 0.88752 0.92612 0.92028 0.88008 0.87828 0.88556 0.83908 0.86884 0.8732 0.84548 0.82872 0.8384 0.85176 0.8024 0.77156 0.77076 0.77524 0.75892 0.762 0.80516 0.81216 0.80276 0.78164 0.7756 0.78336 0.76264 0.76548 0.74912 0.7526 0.7534 0.75592 0.74692 0.73216 0.72844 0.72156 0.72792 0.73052 0.71332 0.72652 0.72148 0.7186 0.7188 0.72468 0.72436 0.70184 0.71636 0.6808 0.66864 0.6852 0.70176 0.67792 0.68972 0.66932 0.68448 0.71332 0.74128 0.75908 0.76044 0.79456 0.80052 0.79572 0.81412 0.8094 0.83332 0.82084 0.82932 0.82284
0.93424 0.9336 0.93208 0.89012 0.85088 0.87476 0.89928 0.91748 0.91176 0.888 0.89268 0.88488 0.85072 0.8418 0.87072 0.87028 0.85432 0.7632 0.75712 0.79616 0.808 0.80632 0.82072 0.82356 0.8212 0.79736 0.81844 0.74936 0.77328 0.787 0.77428 0.74728 0.74528 0.74624 0.74876 0.744 0.73872 0.71668 0.71412 0.7096 0.70788 0.72612 0.71928 0.7132 0.69424 0.7226 0.74292 0.72348 0.68252 0.67804 0.69312 0.76468 0.73096 0.70544 0.70628 0.6762 0.69552 0.69584 0.74652 0.77 0.77836 0.79992 0.80072 0.7954 0.81372 0.8222 0.84324 0.82652 0.82776 0.79572
0.93276 0.91248 0.92816 0.90132 0.91272 0.90316 0.92264 0.91924 0.91732 0.91616 0.88564 0.83832 0.87288 0.84468 0.87272 0.83568 0.82744 0.81796 0.81368 0.80608 0.81288 0.82984 0.83436 0.8348 0.83312 0.82244 0.82192 0.76236 0.7476 0.78696 0.75276 0.74944 0.73536 0.74384 0.74624 0.74448 0.74368 0.71712 0.71752 0.7274 0.70996 0.72476 0.72096 0.71188 0.70524 0.72924 0.71492 0.69532 0.67396 0.68608 0.69456 0.723 0.69836 0.71892 0.68896 0.68412 0.71356 0.70412 0.75456 0.77328 0.77364 0.80108 0.81392 0.81144 0.83092 0.82628 0.83348 0.83588 0.726 0.72288
0.93588 0.92908 0.91776 0.9326 0.93 0.92524 0.92268 0.92152 0.91788 0.91464 0.91056 0.86736 0.89188 0.8494 0.89208 0.88788 0.87328 0.84048 0.82012 0.7836 0.83444 0.83736 0.83816 0.82556 0.82388 0.82316 0.82064 0.79092 0.76008 0.75092 0.76596 0.75204 0.7478 0.74344 0.73716 0.74784 0.73352 0.7318 0.73576 0.7302 0.72532 0.70444 0.71524 0.70104 0.6968 0.70192 0.68196 0.69772 0.674 0.70376 0.69108 0.6778 0.67416 0.69436 0.695 0.6928 0.7298 0.74244 0.7638 0.78108 0.78472 0.80288 0.81032 0.78044 0.78936 0.81516 0.82532 0.8378 0.73024 0.71712
