rf/output/run1/results/raw/RF_5Unc_current.asc
NCOLS 683 
NROWS 518 
XLLCORNER -87.691661853 
YLLCORNER 10.708337021 
CELLSIZE 0.00833333376866763 
NODATA_value -9999 
[rows 124 to 154 of 518, columns 210 to 279 of 683]
-9999 -9999 -9999 -9999 -9999 -9999 -9999 -9999 -9999 -9999 -9999 -9999 -9999 -9999 -9999 -9999 -9999 -9999 -9999 -9999 -9999 -9999 -9999 -9999 -9999 -9999 -9999 0.4942 0.46308 -9999 -9999 -9999 -9999 0.45424 0.4334 0.51768 0.4226 0.41616 0.47444 0.53144 0.59196 0.59608 0.63176 0.6012 0.56828 0.53152 0.44588 0.55256 0.58668 0.59476 0.59324 0.59012 0.58804 0.47928 0.5526 0.62032 0.66596 0.6686 0.69032 0.68096 0.61728 0.67908 0.69144 0.70836 0.7026 0.71628 0.74952 0.7484 0.73796 0.71204
-9999 -9999 -9999 -9999 -9999 -9999 -9999 -9999 -9999 -9999 -9999 -9999 -9999 -9999 -9999 -9999 -9999 -9999 -9999 -9999 -9999 -9999 -9999 -9999 -9999 -9999 0.49544 0.43624 0.51808 0.45032 0.47732 0.48744 0.46488 0.4428 0.45096 0.52588 0.43764 0.4254 0.47292 0.5 0.58992 0.5746 0.59024 0.59396 0.54472 0.5656 0.39264 0.48288 0.55456 0.57988 0.62164 0.6496 0.60056 0.42064 0.57572 0.66436 0.65716 0.63044 0.67528 0.67332 0.67452 0.69228 0.68168 0.70184 0.7196 0.7278 0.7526 0.72792 0.67996 0.42208
-9999 -9999 -9999 -9999 -9999 -9999 -9999 -9999 -9999 -9999 -9999 -9999 -9999 -9999 -9999 -9999 -9999 -9999 -9999 -9999 -9999 -9999 -9999 -9999 -9999 0.51032 0.44768 0.49528 0.52364 0.4524 0.47852 0.465 0.43648 0.43036 0.42644 0.52856 0.53916 0.52812 0.5272 0.56 0.61944 0.59516 0.58668 0.55044 0.5252 0.47876 0.48248 0.47884 0.62972 0.5204 0.59084 0.72952 0.64 0.58924 0.4778 0.53628 0.50336 0.61752 0.62952 0.65168 0.68724 0.70668 0.71196 0.71148 0.72904 0.74124 0.7062 0.70916 0.70888 0.4366
-9999 -9999 -9999 -9999 -9999 -9999 -9999 -9999 -9999 -9999 -9999 -9999 -9999 -9999 -9999 -9999 -9999 -9999 -9999 -9999 -9999 -9999 0.50628 0.44576 0.45944 0.4792 0.43588 0.55576 0.56948 0.43928 0.44476 0.44512 0.4238 0.49228 0.4728 0.58524 0.58216 0.49212 0.51528 0.53028 0.66188 0.59552 0.53712 0.4942 0.45244 0.57712 0.59752 0.46928 0.50796 0.53016 0.58968 0.65376 0.66152 0.60996 0.53708 0.45104 0.55176 0.58384 0.57472 0.63812 0.65204 0.6888 0.70208 0.7072 0.73608 0.74412 0.72672 0.71388 0.39648 0.33368
-9999 -9999 -9999 -9999 -9999 -9999 -9999 -9999 -9999 -9999 -9999 -9999 -9999 -9999 -9999 -9999 -9999 -9999 -9999 -9999 -9999 -9999 0.53424 0.49868 0.49356 0.44976 0.51244 0.5824 0.53052 0.43848 0.46648 0.517 0.447 0.54744 0.53416 0.5542 0.58836 0.52044 0.54488 0.59148 0.6256 0.58368 0.54992 0.49976 0.50396 0.59464 0.63404 0.56836 0.51788 0.62948 0.63664 0.70332 0.66632 0.6252 0.58464 0.59796 0.51052 0.60172 0.66864 0.66708 0.69664 0.67916 0.68148 0.7056 0.73028 0.72384 0.67168 0.36812 0.3476 0.33904
-9999 -9999 -9999 -9999 -9999 -9999 -9999 -9999 -9999 -9999 -9999 -9999 -9999 -9999 -9999 -9999 -9999 -9999 -9999 -9999 -9999 -9999 0.53476 0.44856 0.54036 0.5026 0.56944 0.61664 0.56044 0.47628 0.57092 0.53568 0.4938 0.59064 0.56012 0.56112 0.58872 0.57896 0.57796 0.59452 0.60688 0.59656 0.5864 0.55092 0.57 0.62268 0.68952 0.57984 0.57232 0.70284 0.72624 0.68964 0.65516 0.59456 0.62936 0.60448 0.56168 0.61564 0.66372 0.67752 0.7166 0.6914 0.70732 0.72276 0.71916 0.6858 0.62704 0.37368 0.37088 0.3654
-9999 -9999 -9999 -9999 -9999 -9999 -9999 -9999 -9999 -9999 -9999 -9999 -9999 -9999 -9999 -9999 -9999 -9999 -9999 -9999 -9999 -9999 0.5118 0.46332 0.5494 0.60988 0.63852 0.61948 0.53064 0.51632 0.62564 0.57528 0.5178 0.60944 0.57104 0.58884 0.6028 0.6088 0.58048 0.62188 0.60376 0.6028 0.5968 0.55324 0.59548 0.64028 0.68456 0.56604 0.60828 0.713 0.70252 0.69156 0.72832 0.69588 0.65132 0.51652 0.6164 0.66876 0.6358 0.6856 0.712 0.70044 0.70624 0.69612 0.71996 0.66712 0.5156 0.39952 0.3642 0.36524
0.48764 -9999 -9999 -9999 -9999 -9999 -9999 -9999 -9999 -9999 -9999 -9999 -9999 -9999 -9999 -9999 -9999 -9999 -9999 -9999 -9999 -9999 0.5382 0.48624 0.47456 0.53976 0.6424 0.61128 0.51572 0.56124 0.62564 0.56108 0.53688 0.59516 0.56224 0.54304 0.6122 0.64176 0.60204 0.6212 0.60076 0.59556 0.58644 0.5498 0.63768 0.68724 0.6986 0.59732 0.5884 0.64872 0.67872 0.73276 0.73288 0.70124 0.65804 0.57236 0.65084 0.67384 0.70312 0.71056 0.72272 0.7112 0.65388 0.69532 0.65988 0.55492 0.42724 0.38728 0.36248 0.40016
0.47292 0.46292 -9999 -9999 -9999 -9999 0.53624 -9999 -9999 -9999 -9999 -9999 -9999 -9999 -9999 -9999 -9999 -9999 -9999 -9999 -9999 -9999 0.5206 0.45484 0.522 0.59576 0.64184 0.57452 0.56224 0.63688 0.61652 0.57576 0.5916 0.60668 0.5816 0.56672 0.6198 0.61544 0.64772 0.66656 0.616 0.56724 0.54676 0.56964 0.63484 0.66524 0.63016 0.63632 0.58272 0.64712 0.73004 0.73852 0.73972 0.70704 0.63008 0.56316 0.64444 0.6916 0.74408 0.72776 0.70628 0.67312 0.6324 0.52572 0.469 0.43304 0.39992 0.36884 0.42292 0.40584
0.48564 0.51412 -9999 -9999 -9999 -9999 0.52052 0.47732 0.54324 0.54736 0.53408 -9999 -9999 -9999 -9999 -9999 -9999 -9999 -9999 -9999 -9999 -9999 0.53516 0.47744 0.4974 0.55064 0.6286 0.57864 0.63536 0.64392 0.61252 0.5854 0.62812 0.6064 0.58088 0.61284 0.6448 0.65696 0.66224 0.61476 0.59564 0.59556 0.55352 0.59668 0.6364 0.705 0.63708 0.64852 0.6572 0.66856 0.69536 0.73704 0.73508 0.7054 0.63648 0.6294 0.66852 0.6876 0.69272 0.70824 0.6592 0.51988 0.49168 0.42316 0.42632 0.4122 0.40056 0.40008 0.4058 0.39644
0.52988 0.53728 0.56372 0.50756 -9999 -9999 0.5066 0.49412 0.53832 0.54184 0.46864 0.52676 -9999 -9999 -9999 -9999 -9999 -9999 -9999 -9999 -9999 -9999 0.51372 0.4866 0.48168 0.53392 0.6424 0.62184 0.65004 0.5986 0.5588 0.58572 0.59488 0.62448 0.60288 0.60268 0.642 0.6742 0.66932 0.64552 0.6446 0.63308 0.57372 0.59924 0.63484 0.68724 0.6806 0.71824 0.68056 0.69936 0.69936 0.71992 0.74488 0.69524 0.69792 0.68324 0.67092 0.69356 0.69432 0.704 0.5792 0.56176 0.61384 0.5408 0.42844 0.40328 0.38836 0.40248 0.40432 0.43004
0.50688 0.50756 0.47332 0.52984 0.53132 0.49004 0.47328 0.47004 0.49188 0.51088 0.4914 0.53688 -9999 -9999 -9999 -9999 -9999 -9999 -9999 -9999 -9999 -9999 0.50288 0.4856 0.51268 0.56556 0.6214 0.61864 0.62828 0.54256 0.56184 0.539 0.58804 0.57804 0.63672 0.62776 0.60356 0.66868 0.67348 0.67508 0.6266 0.59972 0.55488 0.59436 0.64828 0.7006 0.73056 0.70752 0.7076 0.71548 0.73556 0.73448 0.7354 0.73664 0.73712 0.638 0.6874 0.73716 0.71016 0.65328 0.6388 0.687 0.6902 0.57376 0.42592 0.41316 0.41076 0.43308 0.4326 0.40748
0.47768 0.55056 0.56876 0.49144 0.5142 0.46252 0.5266 0.5248 0.58608 0.49244 0.5376 0.55056 -9999 -9999 -9999 -9999 -9999 -9999 -9999 -9999 -9999 0.54364 0.46192 0.49484 0.46116 0.5834 0.49328 0.55292 0.52848 0.50916 0.53688 0.5396 0.5644 0.56932 0.63256 0.6714 0.64592 0.65964 0.67088 0.66388 0.59976 0.60048 0.59004 0.63904 0.67364 0.712 0.70468 0.73044 0.7372 0.73228 0.73428 0.74012 0.7366 0.73984 0.74012 0.713 0.6774 0.71376 0.6776 0.64992 0.66032 0.5948 0.52148 0.46148 0.42288 0.3984 0.38284 0.42328 0.45704 0.58232
0.51868 0.60208 0.57956 0.46896 0.47792 0.53552 0.5188 0.56748 0.56396 0.46204 0.52568 0.55308 -9999 -9999 -9999 -9999 -9999 -9999 -9999 -9999 -9999 0.54416 0.53712 0.48996 0.52216 0.47 0.46628 0.46356 0.45048 0.48568 0.47944 0.51472 0.52036 0.56784 0.58004 0.63984 0.67576 0.65972 0.67596 0.6624 0.60684 0.6222 0.69916 0.7182 0.71752 0.71444 0.69068 0.73456 0.73284 0.73064 0.73424 0.73584 0.7356 0.74104 0.7472 0.74884 0.74156 0.66232 0.7154 0.6784 0.58744 0.49652 0.47516 0.4198 0.46592 0.44708 0.42396 0.45944 0.45952 0.4178
0.472 0.57488 0.62476 0.55516 0.55732 0.5986 0.58424 0.6 0.50068 0.52452 0.54768 0.52132 -9999 -9999 -9999 -9999 -9999 -9999 -9999 -9999 -9999 -9999 -9999 0.52324 0.50824 0.45188 0.51176 0.46356 0.49052 0.52676 0.5128 0.4976 0.5084 0.56832 0.57584 0.60216 0.67844 0.67508 0.6864 0.66548 0.65956 0.60168 0.67964 0.71672 0.72816 0.73008 0.73148 0.73184 0.73492 0.74636 0.73452 0.73504 0.73748 0.7392 0.73828 0.75172 0.71428 0.749 0.75308 0.68556 0.59612 0.65288 0.52208 0.4624 0.48456 0.44616 0.4292 0.4338 0.62524 0.46096
0.48616 0.60304 0.62468 0.60692 0.59808 0.62244 0.6018 0.58252 0.56468 0.51916 0.49728 0.49572 0.49044 -9999 -9999 -9999 -9999 -9999 -9999 -9999 -9999 -9999 -9999 -9999 0.52668 0.52524 0.45992 0.4828 0.46772 0.49272 0.54 0.5452 0.52488 0.55488 0.59228 0.58644 0.62968 0.68592 0.7022 0.71344 0.679 0.62156 0.67904 0.71172 0.73104 0.7318 0.73388 0.71308 0.7186 0.73484 0.73348 0.73584 0.74024 0.73632 0.7416 0.74848 0.7408 0.74544 0.72884 0.70472 0.64784 0.54136 0.45728 0.49952 0.55552 0.66988 0.42208 0.43884 0.6152 0.489
0.49464 0.5842 0.6042 0.63856 0.60876 0.60844 0.53136 0.50196 0.46748 0.54364 0.53668 0.57632 0.53884 0.5334 -9999 -9999 -9999 -9999 -9999 -9999 -9999 -9999 -9999 -9999 0.52516 0.52464 0.46704 0.44808 0.48304 0.4966 0.48956 0.491 0.54996 0.57584 0.57288 0.59728 0.65204 0.6222 0.69296 0.72288 0.71664 0.70036 0.69088 0.71632 0.73584 0.73388 0.72884 0.73324 0.73452 0.75044 0.73716 0.73652 0.74388 0.73772 0.74232 0.74408 0.74724 0.76196 0.72228 0.6836 0.63148 0.4886 0.46172 0.59596 0.66584 0.67212 0.611 0.3938 0.53216 0.57728
0.47392 0.52632 0.57192 0.61324 0.63344 0.58164 0.46792 0.53112 0.51192 0.53896 0.5082 0.51184 0.46768 0.52412 0.50992 -9999 -9999 -9999 -9999 -9999 -9999 -9999 -9999 -9999 0.51408 0.51048 0.51516 0.50196 0.46608 0.4504 0.44992 0.5444 0.5476 0.5266 0.54756 0.5958 0.60504 0.62248 0.67808 0.71444 0.72468 0.72076 0.73088 0.73252 0.73096 0.72944 0.73336 0.74276 0.74092 0.74128 0.74292 0.74068 0.74812 0.744 0.74636 0.74476 0.75308 0.71252 0.71416 0.68464 0.54096 0.49596 0.5294 0.63972 0.70204 0.69596 0.59588 0.47264 0.4844 0.51776
0.51752 0.57808 0.60516 0.67248 0.61368 0.59676 0.47992 0.53 0.56344 0.5258 0.48292 0.49676 0.52748 0.52216 0.48628 0.5196 0.50388 0.5388 0.49376 0.49796 0.51664 0.51152 -9999 0.5314 0.48704 0.46288 0.45464 0.47628 0.51004 0.50356 0.44456 0.54808 0.50832 0.50192 0.55148 0.57496 0.57276 0.62364 0.6712 0.67436 0.72364 0.73004 0.73104 0.73196 0.73352 0.73448 0.73524 0.73744 0.74232 0.74544 0.7336 0.73556 0.74096 0.74148 0.74572 0.76008 0.70212 0.68592 0.70404 0.5418 0.50404 0.57568 0.64444 0.6674 0.7032 0.64572 0.5 0.40984 0.4788 0.5124
0.52628 0.60728 0.65948 0.6128 0.59764 0.57588 0.5418 0.504 0.5386 0.4878 0.50208 0.50132 0.51208 0.4988 0.48932 0.50668 0.50556 0.46996 0.52176 0.53928 0.4588 0.52376 0.537 0.49428 0.4596 0.4732 0.47108 0.468 0.4482 0.49124 0.45816 0.54636 0.49504 0.48664 0.5012 0.5824 0.57156 0.64648 0.63664 0.68248 0.7296 0.73164 0.73332 0.71768 0.7334 0.7332 0.73496 0.73492 0.73 0.70912 0.68056 0.73364 0.74928 0.75624 0.74764 0.755 0.72048 0.67744 0.64324 0.56156 0.60068 0.674 0.61972 0.6558 0.69292 0.5686 0.47336 0.47744 0.50176 0.49304
0.56968 0.61848 0.64228 0.61036 0.59948 0.59164 0.58308 0.57796 0.50096 0.50304 0.51044 0.54892 0.5078 0.46596 0.56312 0.46504 0.49108 0.51952 0.48788 0.49552 0.52672 0.55156 0.53688 0.51356 0.46456 0.4578 0.4528 0.4862 0.45684 0.50352 0.49676 0.45068 0.44236 0.4426 0.56184 0.58936 0.56508 0.60724 0.59812 0.67048 0.72216 0.73236 0.73244 0.72704 0.72852 0.73292 0.73208 0.73636 0.74248 0.66816 0.6876 0.71484 0.67588 0.75224 0.75296 0.73588 0.69332 0.66884 0.59512 0.61072 0.54496 0.54708 0.52036 0.5724 0.56068 0.51116 0.45488 0.50816 0.54348 0.52468
0.58652 0.61452 0.61672 0.5992 0.60312 0.5942 0.5944 0.5588 0.48352 0.5478 0.59256 0.60332 0.51764 0.55276 0.58112 0.55184 0.51716 0.50416 0.50656 0.53816 0.55088 0.55184 0.5084 0.50336 0.45752 0.47776 0.47764 0.46304 0.48616 0.4684 0.46268 0.48052 0.48264 0.52568 0.56872 0.56068 0.5712 0.575 0.59668 0.64376 0.6824 0.72096 0.73408 0.7316 0.727 0.73328 0.73416 0.73428 0.7432 0.73604 0.66984 0.6566 0.6818 0.72796 0.75016 0.71208 0.60992 0.55828 0.53292 0.54404 0.52264 0.53328 0.50664 0.50616 0.48596 0.455 0.46316 0.47872 0.60604 0.68428
0.60572 0.6382 0.61472 0.6118 0.6202 0.60904 0.59332 0.4766 0.4738 0.58216 0.63796 0.54972 0.5144 0.49472 0.54412 0.49236 0.48188 0.51168 0.54804 0.5504 0.53968 0.52908 0.5234 0.47232 0.45504 0.51108 0.47004 0.47136 0.45712 0.45772 0.45708 0.46256 0.46116 0.47876 0.46348 0.49152 0.52564 0.581 0.61952 0.70668 0.73492 0.6964 0.73452 0.74732 0.73812 0.71668 0.73368 0.7356 0.74784 0.73212 0.66408 0.65248 0.6326 0.66296 0.70008 0.67128 0.67628 0.62444 0.62944 0.51636 0.50008 0.5282 0.51108 0.49032 0.5062 0.46172 0.46956 0.57684 0.5644 0.68992
0.61632 0.64012 0.63224 0.6082 0.58032 0.54276 0.467 0.49568 0.55008 0.60396 0.57464 0.55604 0.50092 0.52516 0.53492 0.51168 0.5458 0.55276 0.56 0.5474 0.49936 0.52976 0.50924 0.48992 0.45684 0.48516 0.46548 0.46116 0.47636 0.4676 0.46004 0.4784 0.49056 0.45176 0.53904 0.56288 0.59836 0.60088 0.68676 0.72364 0.73116 0.7336 0.73664 0.73228 0.73072 0.714 0.7266 0.73948 0.75208 0.73428 0.66492 0.65032 0.61952 0.64256 0.67168 0.7004 0.64432 0.66196 0.5636 0.49932 0.49312 0.47688 0.48336 0.51128 0.50728 0.519 0.60148 0.71424 0.66256 0.69512
0.6084 0.63372 0.5874 0.58684 0.52264 0.49004 0.50252 0.56464 0.55572 0.58336 0.52148 0.47808 0.4706 0.50028 0.5036 0.56492 0.55584 0.56268 0.5668 0.51924 0.50336 0.49132 0.49684 0.46928 0.47584 0.46452 0.45804 0.50032 0.46824 0.45812 0.45416 0.452 0.48776 0.48308 0.55216 0.55844 0.6054 0.6724 0.70604 0.73756 0.73296 0.7332 0.736 0.73908 0.7348 0.73592 0.7406 0.74648 0.7526 0.7454 0.69016 0.6674 0.63484 0.65088 0.65832 0.65348 0.61784 0.65772 0.52488 0.50484 0.47988 0.46992 0.4996 0.49524 0.57132 0.50988 0.693 0.68092 0.59748 0.66648
0.6138 0.61808 0.59656 0.56488 0.48784 0.50976 0.56832 0.58696 0.5716 0.48516 0.4932 0.48308 0.46984 0.48964 0.49364 0.57692 0.54464 0.5624 0.55316 0.52716 0.52164 0.51252 0.48884 0.46232 0.49192 0.462 0.47432 0.45384 0.4646 0.46628 0.4756 0.46648 0.49824 0.50428 0.50868 0.58524 0.59852 0.688 0.7294 0.73112 0.73096 0.7194 0.73304 0.73212 0.7366 0.74088 0.73832 0.74288 0.74788 0.746 0.72736 0.64044 0.63184 0.58888 0.64036 0.58144 0.60076 0.6496 0.52764 0.51556 0.48092 0.49004 0.48052 0.47744 0.49108 0.49112 0.53836 0.54848 0.62288 0.6634
0.61756 0.61672 0.57224 0.5612 0.47956 0.55536 0.59348 0.55328 0.57584 0.47708 0.51824 0.52444 0.52228 0.5162 0.54856 0.54884 0.53772 0.5548 0.56632 0.55196 0.54856 0.54176 0.51892 0.48932 0.49036 0.4846 0.46252 0.45608 0.4568 0.46216 0.47248 0.48236 0.5192 0.5462 0.50536 0.5628 0.61072 0.70484 0.73636 0.7314 0.73184 0.70752 0.72952 0.73712 0.75616 0.7576 0.74628 0.74936 0.74652 0.75636 0.7572 0.69464 0.61348 0.64364 0.601 0.50368 0.58736 0.51568 0.50812 0.49356 0.50412 0.52324 0.49336 0.4758 0.46964 0.48276 0.54032 0.5778 0.6186 0.61088
0.6216 0.57992 0.58404 0.53312 0.5214 0.56856 0.6052 0.57764 0.51096 0.50452 0.5114 0.5514 0.56428 0.5548 0.5636 0.52676 0.54712 0.54072 0.55124 0.55896 0.54716 0.52492 0.50552 0.49372 0.49148 0.52884 0.46584 0.46336 0.47428 0.46048 0.47172 0.47616 0.51924 0.58228 0.6072 0.60952 0.6438 0.67048 0.73876 0.73328 0.73244 0.73332 0.73292 0.73732 0.7524 0.74736 0.74384 0.74368 0.74656 0.74824 0.7546 0.70172 0.61256 0.55924 0.57644 0.55516 0.55504 0.53084 0.5186 0.52296 0.51832 0.5082 0.50068 0.50496 0.48128 0.51804 0.505 0.553 0.57916 0.59556
0.60768 0.60244 0.54644 0.55084 0.54432 0.58576 0.59012 0.59192 0.57904 0.47656 0.55004 0.55772 0.55808 0.53808 0.5364 0.52632 0.5186 0.52384 0.58024 0.56364 0.51588 0.50264 0.50892 0.47092 0.45648 0.50912 0.50088 0.47348 0.46716 0.46328 0.50204 0.45728 0.45448 0.50516 0.56604 0.64572 0.7006 0.71736 0.689 0.7368 0.73948 0.73344 0.73912 0.73712 0.7426 0.71704 0.74936 0.76276 0.75132 0.75968 0.753 0.68868 0.61372 0.60884 0.54576 0.6948 0.63884 0.57012 0.5232 0.52376 0.5152 0.51112 0.4946 0.48764 0.49028 0.52028 0.50956 0.52672 0.55336 0.60696
0.57536 0.57316 0.60064 0.58584 0.58344 0.60088 0.55576 0.54352 0.5076 0.53472 0.55412 0.51272 0.54636 0.51456 0.53364 0.55052 0.54868 0.55792 0.5772 0.53124 0.493 0.47332 0.48912 0.46632 0.52244 0.4764 0.48964 0.49364 0.46204 0.48056 0.57836 0.49244 0.44952 0.52124 0.62368 0.7056 0.73328 0.74076 0.7402 0.75096 0.74788 0.74492 0.7358 0.74368 0.74284 0.74904 0.7094 0.7506 0.75972 0.75584 0.69508 0.67396 0.6126 0.60444 0.54592 0.71008 0.5916 0.55012 0.537 0.51332 0.4902 0.49456 0.49892 0.49408 0.52096 0.52068 0.52544 0.55324 0.55712 0.58664
0.5748 0.54704 0.59256 0.60016 0.60184 0.60888 0.57168 0.49476 0.52364 0.53656 0.50764 0.52936 0.4998 0.47256 0.51588 0.49136 0.54016 0.56732 0.57932 0.5638 0.50732 0.50584 0.4848 0.47528 0.53032 0.536 0.4612 0.45712 0.52932 0.53112 0.52988 0.52172 0.50432 0.48632 0.64272 0.66564 0.7302 0.73684 0.74352 0.73884 0.72728 0.73004 0.74852 0.7484 0.7448 0.75764 0.67552 0.7 0.73256 0.75384 0.7032 0.6862 0.65192 0.57016 0.57976 0.69076 0.69824 0.55592 0.59696 0.52364 0.50648 0.5056 0.49716 0.52312 0.52172 0.53256 0.54416 0.54336 0.57536 0.58976
