rf/output/run1/results/raw/RF_5Unc_current.asc
NCOLS 683 
NROWS 518 
XLLCORNER -87.691661853 
YLLCORNER 10.708337021 
CELLSIZE 0.00833333376866763 
NODATA_value -9999 
[rows 31 to 61 of 518, columns 420 to 489 of 683]
-9999 -9999 -9999 -9999 -9999 -9999 -9999 -9999 -9999 0.37448 0.37912 0.3762 0.37408 -9999 -9999 -9999 0.37324 -9999 -9999 -9999 -9999 -9999 -9999 -9999 -9999 -9999 -9999 -9999 -9999 -9999 -9999 0.39476 0.39916 0.4064 0.41052 -9999 0.43248 0.439 0.44984 0.45476 0.45268 0.45624 0.45464 0.45008 0.4446 0.441 0.43236 0.44036 0.42712 0.42764 0.41568 0.42476 0.4206 0.41896 0.4208 0.42064 0.41712 0.41828 0.42624 0.41764 0.42564 0.42976 0.4294 0.43336 0.43364 0.43508 0.43836 0.43992 0.4408 0.44524
-9999 -9999 -9999 -9999 -9999 -9999 -9999 -9999 -9999 -9999 0.37336 0.37372 0.37128 -9999 0.3752 0.37372 0.37424 -9999 -9999 -9999 -9999 -9999 -9999 -9999 -9999 -9999 -9999 -9999 -9999 -9999 -9999 0.389 0.4022 0.40708 0.42348 0.42848 0.44172 0.45464 0.4598 0.45828 0.45268 0.45308 0.45076 0.44792 0.43312 0.43324 0.43668 0.4342 0.42656 0.41628 0.40296 0.41516 0.41888 0.40472 0.41628 0.41496 0.40788 0.40708 0.4072 0.41368 0.41444 0.4198 0.42836 0.432 0.431 0.43348 0.43376 0.44016 0.43952 0.44508
-9999 -9999 -9999 -9999 -9999 -9999 -9999 -9999 -9999 -9999 0.37488 0.37556 0.37484 0.37408 0.37028 0.37556 0.37256 0.3652 -9999 -9999 -9999 0.36592 0.36032 -9999 -9999 -9999 -9999 0.35676 0.36224 0.36912 -9999 0.39672 0.40432 0.41452 0.42468 0.43188 0.44484 0.45132 0.4626 0.4596 0.45508 0.44868 0.44828 0.44488 0.4398 0.43236 0.42848 0.42652 0.4126 0.40276 0.41472 0.40352 0.41596 0.40908 0.4062 0.40708 0.40656 0.40816 0.41024 0.40656 0.41356 0.41368 0.42388 0.42436 0.4228 0.43456 0.43708 0.43792 0.43876 0.44072
-9999 -9999 -9999 -9999 -9999 -9999 -9999 -9999 -9999 -9999 -9999 0.36968 0.37396 0.3732 0.36296 0.36972 0.36268 0.36332 0.36556 0.36396 0.35796 0.35752 0.35768 0.35516 0.35452 0.35352 0.35724 0.35316 0.35736 0.36804 0.37896 0.39452 0.39768 0.40564 0.417 0.43152 0.44692 0.4494 0.44896 0.44404 0.44672 0.4378 0.44264 0.43836 0.42892 0.43016 0.4186 0.41012 0.40968 0.40776 0.40468 0.40456 0.41432 0.41596 0.4106 0.40552 0.40844 0.40608 0.40688 0.41332 0.41252 0.41288 0.42112 0.42396 0.42604 0.42732 0.42712 0.42848 0.437 0.43916
-9999 -9999 -9999 -9999 -9999 -9999 -9999 -9999 -9999 -9999 -9999 0.37216 0.37252 0.3732 0.36388 0.36644 0.37032 0.35944 0.36332 0.35608 0.35692 0.36444 0.3552 0.37608 0.37148 0.37352 0.37056 0.37236 0.37476 0.37396 0.38228 0.38908 0.39652 0.4044 0.40728 0.41716 0.43244 0.43756 0.43852 0.43788 0.43616 0.4376 0.43256 0.42544 0.41724 0.4158 0.40736 0.4032 0.40344 0.41052 0.40184 0.4052 0.4078 0.40592 0.40792 0.40568 0.4056 0.40672 0.41156 0.41012 0.41528 0.41264 0.41176 0.42276 0.42588 0.4254 0.4286 0.42776 0.43608 0.43804
-9999 -9999 -9999 -9999 -9999 -9999 0.3732 0.37424 0.37392 0.37532 0.3724 0.3726 0.36708 0.36204 0.36372 0.36988 0.3708 0.36036 0.35688 0.37172 0.373 0.39368 0.37608 0.3894 0.39232 0.393 0.37764 0.37776 0.38052 0.38152 0.38676 0.3848 0.39428 0.40196 0.41048 0.41932 0.41888 0.43724 0.4318 0.42224 0.41956 0.41656 0.41924 0.42428 0.41832 0.41248 0.4108 0.40464 0.41192 0.40696 0.40084 0.40488 0.40544 0.4082 0.40532 0.40576 0.4052 0.40828 0.4054 0.40712 0.41168 0.41236 0.41452 0.41908 0.42484 0.42516 0.43032 0.4314 0.428 0.43636
-9999 -9999 -9999 -9999 -9999 0.37656 0.37596 0.37196 0.3658 0.37428 0.37272 0.3744 0.36272 0.37148 0.36948 0.39012 0.36972 0.37676 0.3712 0.38752 0.39676 0.39892 0.37696 0.40948 0.3976 0.39684 0.38648 0.39564 0.40824 0.40292 0.38852 0.39316 0.39436 0.40084 0.40528 0.40728 0.416 0.4248 0.4192 0.42188 0.41736 0.41404 0.41444 0.41092 0.40732 0.4072 0.40824 0.40876 0.41468 0.40808 0.41132 0.40596 0.4064 0.41072 0.4134 0.4048 0.41144 0.41468 0.40576 0.40916 0.41524 0.4184 0.4146 0.41696 0.4256 0.4234 0.43076 0.43024 0.42872 0.42928
0.36268 0.36252 0.35956 0.36824 0.36936 0.3764 0.36644 0.36328 0.35704 0.3746 0.37056 0.3702 0.38596 0.38264 0.38852 0.38936 0.37576 0.3962 0.39088 0.42296 0.41912 0.40376 0.39192 0.4272 0.41428 0.4204 0.4076 0.41004 0.4114 0.41732 0.40544 0.40808 0.40072 0.39396 0.39728 0.40016 0.41064 0.41572 0.41128 0.40856 0.41248 0.41372 0.41524 0.41208 0.409 0.41316 0.42656 0.41192 0.41056 0.42052 0.41944 0.41564 0.41164 0.41108 0.41008 0.41228 0.41136 0.40852 0.41516 0.41184 0.42028 0.41676 0.4172 0.41436 0.41692 0.42968 0.43108 0.43348 0.43716 0.43164
0.36484 0.37028 0.3676 0.3684 0.36948 0.374 0.37048 0.36416 0.35728 0.3606 0.365 0.35896 0.36268 0.36672 0.39652 0.39656 0.39852 0.40076 0.39912 0.41088 0.4262 0.41904 0.41352 0.44216 0.43128 0.42908 0.42836 0.42736 0.42368 0.43736 0.41632 0.42616 0.41168 0.40448 0.40512 0.40348 0.4062 0.40536 0.41176 0.40948 0.41348 0.41372 0.4076 0.40808 0.41064 0.4334 0.4276 0.41528 0.41768 0.41512 0.41244 0.4168 0.40756 0.41352 0.41528 0.40892 0.40788 0.41212 0.421 0.41068 0.41856 0.4196 0.4126 0.41408 0.41508 0.42612 0.43128 0.43208 0.4342 0.43496
0.36 0.35796 0.36292 0.36748 0.36664 0.36268 0.36152 0.36084 0.36608 0.36784 0.3606 0.3614 0.37136 0.38088 0.3806 0.41052 0.41924 0.4166 0.42456 0.42804 0.41996 0.42872 0.42216 0.42908 0.43312 0.43116 0.42408 0.42828 0.43016 0.42392 0.43828 0.44996 0.44384 0.43392 0.4276 0.42772 0.4072 0.40636 0.40488 0.4094 0.41072 0.40768 0.40696 0.42484 0.43888 0.42884 0.4292 0.4264 0.42788 0.42004 0.41384 0.42132 0.415 0.4148 0.40804 0.41008 0.40676 0.40968 0.4192 0.41756 0.42132 0.42144 0.41292 0.416 0.41116 0.42416 0.42856 0.43148 0.43184 0.43244
0.36732 0.35296 0.36412 0.36288 0.3614 0.35972 0.36092 0.36716 0.3592 0.36152 0.36308 0.36496 0.37296 0.37976 0.40848 0.41316 0.41824 0.42256 0.42692 0.43728 0.43028 0.422 0.44108 0.42912 0.43144 0.43264 0.43416 0.45556 0.45156 0.45216 0.45348 0.47628 0.44328 0.43172 0.4354 0.44216 0.40236 0.4162 0.40852 0.41168 0.41408 0.41192 0.42616 0.44364 0.41712 0.42532 0.43272 0.4232 0.43004 0.42564 0.42796 0.43288 0.42752 0.42968 0.41044 0.41528 0.40704 0.4098 0.41088 0.41828 0.41944 0.4206 0.41504 0.41196 0.41356 0.42156 0.42344 0.43444 0.43168 0.431
0.3516 0.35436 0.36012 0.3652 0.3658 0.36472 0.35792 0.3574 0.36556 0.36748 0.38104 0.37272 0.3742 0.38396 0.4106 0.4208 0.4232 0.42536 0.42604 0.43552 0.4256 0.43176 0.43956 0.4364 0.453 0.45128 0.44968 0.45596 0.46468 0.4564 0.45412 0.45452 0.46524 0.45688 0.43688 0.42556 0.43544 0.41344 0.42192 0.41652 0.41808 0.41868 0.43436 0.42448 0.41836 0.41904 0.4252 0.42712 0.4212 0.41668 0.41832 0.41628 0.40832 0.42704 0.4096 0.40852 0.4154 0.4082 0.40868 0.4138 0.41704 0.41856 0.41816 0.42028 0.42008 0.4186 0.42744 0.43312 0.4352 0.43632
0.36348 0.37968 0.3896 0.35968 0.37232 0.40464 0.37652 0.36868 0.37812 0.3728 0.37828 0.37724 0.40712 0.40664 0.40856 0.42212 0.43324 0.42364 0.43668 0.43976 0.45096 0.438 0.43192 0.45012 0.46928 0.46276 0.47588 0.4748 0.47504 0.468 0.47444 0.4546 0.4568 0.4386 0.45292 0.44736 0.45692 0.457 0.4508 0.44868 0.43176 0.43292 0.432 0.43348 0.42828 0.41904 0.42192 0.42232 0.42056 0.4166 0.40616 0.4044 0.40292 0.40916 0.40468 0.4172 0.4162 0.40592 0.40832 0.41164 0.41308 0.41828 0.42 0.42364 0.42344 0.4224 0.42436 0.42876 0.42976 0.43372
0.35556 0.35896 0.37976 0.36648 0.36916 0.40636 0.40304 0.40068 0.40244 0.37932 0.3812 0.4076 0.4074 0.408 0.41716 0.43604 0.43388 0.4372 0.43776 0.43816 0.45388 0.45508 0.44544 0.44908 0.47164 0.48356 0.48116 0.48056 0.46972 0.47616 0.46732 0.46384 0.45612 0.45768 0.46632 0.46228 0.44716 0.45968 0.45168 0.45168 0.446 0.44444 0.43568 0.42748 0.43524 0.42132 0.42076 0.42136 0.41492 0.41664 0.40828 0.40556 0.40576 0.40868 0.41064 0.41064 0.40824 0.4152 0.41672 0.41096 0.41224 0.42112 0.42356 0.42168 0.42632 0.42992 0.4304 0.4322 0.43184 0.43416
0.35248 0.35564 0.37824 0.39688 0.40324 0.418 0.41476 0.40172 0.39892 0.40224 0.40072 0.40804 0.4178 0.431 0.42524 0.43636 0.44932 0.45008 0.4542 0.45 0.4474 0.44516 0.43548 0.4712 0.47332 0.48096 0.47296 0.47476 0.47104 0.46784 0.46576 0.47016 0.47156 0.472 0.46532 0.47416 0.46584 0.44756 0.45136 0.4608 0.44724 0.44136 0.43832 0.4186 0.42884 0.41708 0.43224 0.43364 0.41976 0.43256 0.43168 0.43216 0.43164 0.4098 0.4104 0.41088 0.40836 0.4052 0.4098 0.41108 0.41668 0.42252 0.42024 0.42276 0.42216 0.42876 0.42696 0.4336 0.43408 0.4368
0.3526 0.35664 0.401 0.4056 0.40516 0.41852 0.43536 0.4372 0.45508 0.43888 0.41652 0.43708 0.41436 0.4332 0.4466 0.44592 0.44988 0.46364 0.467 0.4698 0.46852 0.46084 0.46468 0.48352 0.48248 0.48224 0.47156 0.4762 0.47128 0.47116 0.47852 0.47672 0.47032 0.47016 0.4694 0.46972 0.46684 0.45908 0.46312 0.44492 0.43844 0.4556 0.44452 0.43488 0.43644 0.4428 0.4376 0.4416 0.4392 0.44588 0.4428 0.44436 0.42388 0.4216 0.41252 0.41044 0.4082 0.40744 0.41244 0.41092 0.41148 0.412 0.4186 0.4226 0.42488 0.42432 0.42692 0.42596 0.43152 0.43404
0.3516 0.36164 0.37432 0.40944 0.40648 0.42012 0.44992 0.46712 0.46056 0.46596 0.47236 0.45868 0.45188 0.4572 0.47188 0.47392 0.44984 0.46436 0.47468 0.4808 0.47304 0.48364 0.48504 0.47432 0.47316 0.48548 0.485 0.48516 0.48356 0.48124 0.47208 0.46988 0.47156 0.47124 0.46532 0.46188 0.46104 0.46692 0.44376 0.46588 0.453 0.44728 0.45088 0.44408 0.46268 0.4412 0.44496 0.44708 0.45364 0.44676 0.44876 0.44588 0.44672 0.4456 0.41456 0.41356 0.41432 0.40528 0.41404 0.40624 0.41236 0.41316 0.414 0.41212 0.41164 0.41616 0.41732 0.42788 0.43264 0.43604
0.3556 0.3702 0.37588 0.39556 0.4068 0.41996 0.42724 0.46984 0.46788 0.46824 0.47012 0.47368 0.46476 0.47304 0.47648 0.47232 0.46792 0.47432 0.48128 0.47916 0.47852 0.48604 0.48404 0.48416 0.4732 0.48244 0.48068 0.47828 0.48364 0.48856 0.47812 0.47104 0.45824 0.46084 0.46364 0.4638 0.46008 0.46888 0.46756 0.45108 0.45368 0.46896 0.46556 0.45696 0.44144 0.44432 0.44504 0.45408 0.45424 0.44328 0.43168 0.43416 0.4446 0.43692 0.42268 0.41476 0.42772 0.40536 0.41156 0.4106 0.41068 0.41512 0.41008 0.41632 0.41652 0.41864 0.42204 0.42668 0.42968 0.43588
0.36636 0.377 0.399 0.40556 0.4052 0.41812 0.4368 0.44844 0.46848 0.46804 0.46736 0.46692 0.47192 0.46916 0.46944 0.47396 0.47528 0.4718 0.48104 0.48092 0.47612 0.48364 0.48156 0.476 0.4852 0.4818 0.48144 0.47368 0.47768 0.4718 0.47024 0.4812 0.47136 0.474 0.47256 0.462 0.46992 0.46844 0.46184 0.45968 0.45664 0.45212 0.45292 0.45868 0.459 0.4588 0.46176 0.4466 0.4432 0.43052 0.4428 0.43476 0.41224 0.42276 0.42556 0.4254 0.40448 0.41436 0.41332 0.41292 0.41068 0.409 0.4156 0.41312 0.41396 0.41564 0.41576 0.416 0.42348 0.42408
0.38032 0.38964 0.38848 0.41956 0.40952 0.42412 0.43516 0.46804 0.46904 0.46776 0.47216 0.4738 0.47224 0.4728 0.47316 0.47392 0.46196 0.47568 0.48084 0.47904 0.48168 0.483 0.48288 0.4848 0.48552 0.4848 0.48384 0.48192 0.46964 0.482 0.4776 0.4804 0.47108 0.47908 0.4736 0.4718 0.46356 0.46368 0.45072 0.45836 0.45184 0.4556 0.45776 0.45188 0.45196 0.45852 0.4638 0.44704 0.4462 0.4374 0.45332 0.4286 0.43288 0.43572 0.43568 0.42272 0.42796 0.40532 0.403 0.43708 0.40568 0.40484 0.4148 0.41224 0.41032 0.40984 0.41292 0.41276 0.41888 0.422
0.37924 0.39128 0.3938 0.40676 0.41008 0.42972 0.43632 0.45964 0.46728 0.47176 0.4718 0.46972 0.47312 0.4756 0.47088 0.47348 0.47216 0.4724 0.47444 0.47736 0.48336 0.48236 0.4838 0.4804 0.48612 0.47388 0.48044 0.48144 0.48304 0.48584 0.48692 0.4804 0.47736 0.46908 0.469 0.47008 0.46548 0.46476 0.46504 0.45772 0.4602 0.44484 0.4556 0.44784 0.45672 0.45212 0.4388 0.44176 0.43804 0.44248 0.43524 0.43872 0.44596 0.43168 0.45596 0.43288 0.42892 0.4318 0.42844 0.40404 0.40352 0.42848 0.42584 0.425 0.40552 0.40684 0.40656 0.41428 0.41652 0.4188
0.40984 0.39036 0.3998 0.4092 0.41132 0.41196 0.43104 0.45912 0.46576 0.4614 0.46952 0.46992 0.47288 0.47136 0.47296 0.47252 0.47168 0.47264 0.47492 0.4778 0.47428 0.47588 0.47968 0.48116 0.48212 0.48208 0.48268 0.48396 0.48168 0.48384 0.48512 0.48088 0.4818 0.48016 0.4668 0.46112 0.47064 0.46896 0.45896 0.46436 0.46436 0.4528 0.44724 0.45212 0.46192 0.44988 0.4426 0.42784 0.42584 0.42788 0.44576 0.4378 0.43988 0.44716 0.44684 0.44672 0.433 0.43316 0.4164 0.4322 0.41628 0.41628 0.40492 0.41172 0.40876 0.40832 0.40756 0.40992 0.41692 0.417
0.4254 0.41512 0.39328 0.40096 0.41052 0.43072 0.45012 0.44664 0.46732 0.46804 0.4674 0.47184 0.4672 0.46932 0.46972 0.46688 0.4712 0.4738 0.46452 0.47868 0.47668 0.4772 0.48016 0.48036 0.48 0.47732 0.47788 0.47924 0.48244 0.47948 0.4802 0.48276 0.47 0.47208 0.46224 0.47328 0.462 0.4608 0.45516 0.45824 0.46408 0.447 0.45492 0.45572 0.44812 0.44688 0.44124 0.44452 0.44536 0.44496 0.44304 0.4508 0.45808 0.4582 0.458 0.44856 0.4488 0.4364 0.41556 0.41436 0.41548 0.40588 0.41812 0.4112 0.40728 0.41512 0.4106 0.41588 0.41844 0.41512
0.42744 0.42896 0.4022 0.406 0.43088 0.43544 0.43432 0.44576 0.4688 0.46604 0.4678 0.46752 0.47184 0.46948 0.46816 0.47432 0.47276 0.47368 0.4692 0.47248 0.47352 0.47496 0.4794 0.47668 0.47844 0.48372 0.47632 0.4838 0.47584 0.47996 0.47684 0.47992 0.47504 0.47012 0.46172 0.4584 0.46128 0.46756 0.45996 0.4566 0.45652 0.46112 0.45132 0.44216 0.4456 0.4504 0.44516 0.43816 0.44464 0.43736 0.44796 0.44784 0.4466 0.43036 0.44644 0.44864 0.423 0.41648 0.40836 0.40832 0.40816 0.41252 0.40908 0.40744 0.40752 0.416 0.41084 0.415 0.4184 0.41688
0.45196 0.43788 0.4412 0.42796 0.42968 0.44524 0.45012 0.46096 0.46316 0.46912 0.45892 0.46204 0.45864 0.46836 0.47076 0.4696 0.4722 0.47244 0.47428 0.4736 0.47476 0.47512 0.4758 0.47612 0.47844 0.48124 0.48332 0.4742 0.47496 0.4808 0.47348 0.4718 0.4754 0.47488 0.45856 0.45844 0.45816 0.4554 0.45224 0.4608 0.46136 0.45356 0.45328 0.45272 0.45776 0.44592 0.43896 0.44296 0.43412 0.44748 0.43572 0.4478 0.4466 0.45116 0.43968 0.44652 0.4462 0.44528 0.43564 0.43336 0.42332 0.40932 0.40864 0.41068 0.41612 0.4212 0.41636 0.41584 0.4234 0.42016
0.45452 0.43816 0.45504 0.45536 0.45016 0.44576 0.44512 0.4608 0.45736 0.462 0.45888 0.46276 0.45876 0.46876 0.47272 0.47336 0.47176 0.47164 0.47036 0.474 0.4712 0.47152 0.47368 0.47588 0.47476 0.4808 0.48216 0.48124 0.47288 0.46268 0.47504 0.45956 0.46092 0.46572 0.45856 0.44592 0.4552 0.45956 0.45376 0.44936 0.45396 0.44464 0.42512 0.44192 0.44692 0.44332 0.4378 0.44004 0.4256 0.43516 0.43332 0.44716 0.43724 0.4478 0.43768 0.43984 0.4528 0.43812 0.43284 0.43396 0.4282 0.43436 0.40728 0.41016 0.42232 0.424 0.41908 0.42196 0.4198 0.4246
0.409 0.42136 0.42228 0.4548 0.44708 0.44632 0.43028 0.4488 0.44656 0.46072 0.45888 0.45796 0.45944 0.45744 0.45844 0.46104 0.46812 0.46748 0.46864 0.47012 0.4706 0.45608 0.4646 0.46932 0.471 0.47344 0.47732 0.4764 0.4748 0.46824 0.47004 0.46012 0.46152 0.4596 0.45288 0.44796 0.44528 0.43928 0.44072 0.4472 0.45496 0.45224 0.44112 0.45228 0.43532 0.44892 0.43744 0.436 0.41904 0.43392 0.42352 0.42668 0.43716 0.438 0.4378 0.4386 0.44032 0.43272 0.43184 0.4208 0.4202 0.43424 0.42108 0.40616 0.4076 0.41176 0.42032 0.42692 0.42992 0.42912
0.40028 0.4222 0.42508 0.43072 0.42956 0.43064 0.42716 0.43324 0.4314 0.45752 0.45788 0.46376 0.45828 0.45952 0.46132 0.46752 0.46828 0.46848 0.47 0.46988 0.47064 0.4698 0.47112 0.4706 0.46768 0.47204 0.47384 0.46688 0.4708 0.4556 0.47464 0.47428 0.46728 0.45396 0.45232 0.45136 0.45348 0.4464 0.422 0.44864 0.43796 0.44256 0.43836 0.44632 0.4328 0.43804 0.42064 0.41552 0.41232 0.41824 0.42308 0.41428 0.425 0.4318 0.4202 0.42308 0.41472 0.42432 0.44012 0.4202 0.42412 0.401 0.41388 0.41564 0.41168 0.42016 0.42336 0.43036 0.42324 0.42828
0.37996 0.40428 0.3932 0.4128 0.42636 0.4112 0.41084 0.42504 0.4246 0.44316 0.45708 0.45468 0.45912 0.45988 0.46148 0.45732 0.46616 0.46864 0.46264 0.4694 0.46016 0.4666 0.46452 0.46616 0.46776 0.46772 0.4702 0.47416 0.47484 0.46628 0.46768 0.46828 0.46776 0.46824 0.4598 0.45236 0.4522 0.44864 0.44624 0.44716 0.43688 0.43912 0.4392 0.43276 0.4308 0.43196 0.43352 0.4246 0.4108 0.41136 0.41224 0.41216 0.41048 0.41532 0.41748 0.41964 0.41632 0.4246 0.43992 0.42716 0.43948 0.4258 0.422 0.40432 0.41288 0.41396 0.41052 0.42216 0.42408 0.42508
0.369 0.37508 0.40728 0.42192 0.41328 0.4094 0.39444 0.41176 0.42424 0.42708 0.4576 0.45096 0.45856 0.46028 0.46064 0.45804 0.45896 0.45984 0.46392 0.45936 0.46276 0.46188 0.46404 0.45992 0.46452 0.45868 0.4636 0.46692 0.46964 0.46696 0.46588 0.45676 0.45724 0.4586 0.46164 0.45212 0.4458 0.439 0.43728 0.4214 0.4234 0.42104 0.42372 0.43076 0.42532 0.4044 0.423 0.409 0.40396 0.40516 0.4018 0.40444 0.4106 0.4102 0.41188 0.41316 0.4068 0.41888 0.43052 0.43436 0.43868 0.40896 0.41564 0.40464 0.40492 0.41164 0.4244 0.41636 0.41312 0.42268
0.37624 0.37516 0.39268 0.42172 0.4372 0.4124 0.401 0.4084 0.40668 0.429 0.44384 0.43848 0.45544 0.45136 0.46124 0.46028 0.45664 0.44384 0.44596 0.44728 0.46348 0.46436 0.45708 0.46348 0.46196 0.4634 0.46372 0.46664 0.46048 0.47032 0.45844 0.46072 0.46012 0.46092 0.45724 0.46116 0.453 0.44012 0.43988 0.4214 0.42316 0.40984 0.41864 0.41468 0.40804 0.405 0.40464 0.40796 0.4094 0.40752 0.40884 0.4072 0.40876 0.41032 0.40836 0.4076 0.4114 0.4074 0.40932 0.4172 0.42072 0.40352 0.40304 0.40276 0.4022 0.41672 0.4154 0.41308 0.4132 0.41708
