rf/output/run1/results/raw/RF_5Unc_current.asc
NCOLS 683 
NROWS 518 
XLLCORNER -87.691661853 
YLLCORNER 10.708337021 
CELLSIZE 0.00833333376866763 
NODATA_value -9999 
[rows 372 to 402 of 518, columns 140 to 209 of 683]
0.7464 0.74516 0.74492 0.75272 0.74756 0.75052 0.74696 0.74304 0.71112 0.71172 0.70372 0.68132 0.67488 0.68856 0.66532 0.6594 0.64812 0.62872 0.6262 0.61312 0.611 0.58292 0.5808 0.5852 0.58268 0.5582 0.56272 0.56484 0.55216 0.55208 0.49804 0.4994 0.49652 0.4976 0.53516 0.54408 0.54376 0.53972 0.536 0.53556 0.55008 0.57548 0.54308 0.56092 0.56544 0.54488 0.5374 0.53056 0.53776 0.5232 0.53 0.52072 0.49388 0.51212 0.50356 0.5672 0.73744 0.73412 0.73888 0.71216 0.70572 0.71288 0.6266 0.62076 0.63716 0.67712 0.69136 0.68588 0.67416 0.6928
0.74708 0.74696 0.749 0.74732 0.745 0.74464 0.74612 0.72564 0.71504 0.71632 0.74088 0.72532 0.73184 0.68676 0.67632 0.65868 0.65308 0.64256 0.62664 0.61988 0.60668 0.60092 0.58784 0.58408 0.58232 0.56888 0.5546 0.55056 0.53768 0.52508 0.53564 0.54324 0.53116 0.51156 0.54524 0.52308 0.53588 0.52748 0.52984 0.53272 0.54004 0.53184 0.53864 0.54832 0.53788 0.52108 0.5092 0.52208 0.50524 0.51248 0.49912 0.50712 0.4842 0.46212 0.47504 0.61736 0.69808 0.73672 0.73672 0.70408 0.70396 0.71244 0.61304 0.6294 0.65696 0.67544 0.69624 0.6416 0.68148 0.69916
0.74388 0.74968 0.74756 0.75024 0.75008 0.74728 0.74528 0.73072 0.73604 0.74092 0.74232 0.73556 0.71492 0.7028 0.664 0.6696 0.64904 0.6516 0.64812 0.61976 0.61292 0.60072 0.59904 0.59028 0.58116 0.56772 0.56892 0.56848 0.53752 0.53592 0.53272 0.5144 0.5312 0.53104 0.54204 0.53848 0.53196 0.5312 0.52104 0.52236 0.52368 0.53104 0.538 0.53756 0.52112 0.52176 0.5048 0.4968 0.50764 0.49932 0.508 0.48188 0.48852 0.47184 0.46352 0.4834 0.67256 0.73464 0.72724 0.6942 0.68756 0.73224 0.488 0.64376 0.63644 0.68688 0.68892 0.66816 0.68736 0.67176
0.7422 0.74848 0.74632 0.74608 0.7454 0.74524 0.74156 0.74048 0.74316 0.74064 0.73388 0.7316 0.72612 0.7144 0.67388 0.67124 0.67604 0.65372 0.64024 0.62796 0.6252 0.5914 0.59728 0.57864 0.57996 0.576 0.57512 0.55536 0.5426 0.53608 0.53532 0.53148 0.54348 0.54092 0.50252 0.53228 0.53508 0.51992 0.52984 0.52164 0.52524 0.52484 0.52552 0.53284 0.52468 0.50784 0.50496 0.50524 0.505 0.5018 0.49692 0.49044 0.48512 0.48688 0.47104 0.47244 0.48224 0.71264 0.5244 0.48508 0.4698 0.47296 0.46784 0.57616 0.65584 0.65268 0.66192 0.66108 0.64088 0.65056
0.73952 0.73572 0.73652 0.744 0.7436 0.74192 0.74396 0.742 0.74744 0.7414 0.74024 0.74104 0.725 0.71808 0.70876 0.6992 0.66484 0.65136 0.64284 0.62652 0.62124 0.60744 0.57152 0.59776 0.57464 0.57904 0.57544 0.56068 0.56608 0.5462 0.54284 0.54756 0.51252 0.54132 0.5048 0.51296 0.5272 0.53008 0.50684 0.52016 0.52084 0.51936 0.52468 0.50716 0.50584 0.50824 0.50448 0.48572 0.4982 0.48736 0.5062 0.48964 0.4878 0.48052 0.49052 0.4768 0.4698 0.45956 0.47972 0.47304 0.43628 0.447 0.4638 0.51052 0.53252 0.63928 0.67356 0.64324 0.65888 0.63624
0.73 0.73488 0.73696 0.74188 0.74056 0.73356 0.73416 0.73488 0.74072 0.7436 0.74452 0.74004 0.73548 0.73612 0.72976 0.72668 0.67168 0.66676 0.65292 0.62996 0.63088 0.62064 0.59716 0.59404 0.59396 0.58604 0.57688 0.54496 0.56564 0.54176 0.55664 0.54016 0.54556 0.5392 0.53704 0.5092 0.52488 0.5256 0.52004 0.50984 0.51528 0.5196 0.51824 0.50752 0.50884 0.50664 0.48564 0.49512 0.5054 0.49516 0.49972 0.501 0.51184 0.50084 0.50244 0.48776 0.48472 0.48248 0.46472 0.469 0.48092 0.46716 0.4888 0.4592 0.50284 0.48656 0.53268 0.6094 0.66384 0.57568
0.728 0.72356 0.72348 0.73796 0.74192 0.73428 0.73452 0.7376 0.73264 0.73868 0.7402 0.74276 0.73572 0.73692 0.71764 0.69788 0.67724 0.67572 0.64496 0.62864 0.63924 0.62652 0.6178 0.61008 0.59668 0.58836 0.58096 0.54848 0.56776 0.55352 0.55592 0.55516 0.53192 0.538 0.53356 0.5212 0.52812 0.5204 0.50972 0.51248 0.50716 0.50336 0.50828 0.50928 0.50684 0.49152 0.49948 0.49096 0.49184 0.50252 0.48268 0.48168 0.49644 0.48796 0.49556 0.4972 0.4898 0.46912 0.4716 0.47336 0.45472 0.50996 0.51144 0.48072 0.47472 0.507 0.51136 0.478 0.54908 0.52664
0.71504 0.71624 0.71328 0.7306 0.73708 0.73148 0.72856 0.72992 0.73728 0.73224 0.73712 0.73836 0.73732 0.7348 0.71608 0.71572 0.70796 0.69456 0.65792 0.64364 0.63792 0.62024 0.61308 0.61356 0.60388 0.59064 0.58164 0.56352 0.57068 0.5648 0.5396 0.55276 0.53648 0.5446 0.5354 0.51948 0.52808 0.51316 0.51272 0.50792 0.50148 0.50484 0.50284 0.50404 0.50528 0.48972 0.4956 0.49192 0.52612 0.52016 0.50916 0.5066 0.49512 0.49564 0.49912 0.5056 0.4828 0.49032 0.48776 0.47508 0.45392 0.46884 0.48172 0.50568 0.48332 0.48604 0.56564 0.52336 0.4722 0.48544
0.7096 0.72296 0.71832 0.73404 0.7258 0.7304 0.73252 0.72884 0.7296 0.73132 0.73192 0.7378 0.73988 0.73712 0.73316 0.72744 0.71468 0.69672 0.66876 0.65732 0.61832 0.62604 0.60204 0.6308 0.60552 0.60208 0.60096 0.56864 0.57552 0.55188 0.56444 0.54732 0.5416 0.53004 0.53572 0.53152 0.52356 0.516 0.5072 0.50444 0.49896 0.49468 0.50096 0.48988 0.50332 0.49804 0.49016 0.4808 0.49476 0.50804 0.50048 0.5028 0.51176 0.4928 0.5082 0.4936 0.4778 0.4706 0.46888 0.48164 0.49092 0.52876 0.37872 0.37232 0.39256 0.39356 0.44232 0.39408 0.55516 0.55548
0.70764 0.7084 0.73188 0.7208 0.71772 0.72228 0.71848 0.7246 0.73332 0.72916 0.73088 0.73068 0.73656 0.7364 0.73568 0.71028 0.72896 0.70052 0.67156 0.66544 0.65224 0.64992 0.64424 0.637 0.60644 0.62104 0.57572 0.59188 0.57008 0.57296 0.57116 0.56156 0.53664 0.5426 0.53812 0.53176 0.5272 0.513 0.50372 0.49172 0.49768 0.50836 0.50044 0.50552 0.50188 0.4978 0.48516 0.50888 0.49268 0.49224 0.5196 0.52876 0.50764 0.50132 0.497 0.50904 0.49344 0.47944 0.48668 0.46956 0.50048 0.4454 0.42088 0.46176 0.46212 0.476 0.4434 0.45872 0.36468 0.4256
0.70532 0.70716 0.702 0.70808 0.71068 0.72972 0.72556 0.72276 0.72404 0.727 0.73112 0.728 0.73548 0.73416 0.7364 0.7338 0.71172 0.71668 0.6912 0.67492 0.66496 0.63496 0.64788 0.64284 0.62524 0.62024 0.60948 0.55548 0.5888 0.58596 0.554 0.55464 0.55996 0.52536 0.54872 0.53568 0.52032 0.51932 0.51564 0.50172 0.50284 0.50076 0.5038 0.49668 0.50708 0.51652 0.50668 0.49532 0.50692 0.51012 0.4922 0.49936 0.49192 0.50164 0.47892 0.47852 0.50412 0.49676 0.50928 0.45776 0.50916 0.45944 0.39304 0.46508 0.45628 0.4656 0.43012 0.45312 0.45436 0.42016
0.70532 0.70232 0.70096 0.71012 0.72428 0.71108 0.72204 0.72276 0.7228 0.72176 0.72276 0.72652 0.73048 0.73412 0.73492 0.73156 0.72776 0.71236 0.72748 0.6988 0.69056 0.64 0.65056 0.63712 0.62868 0.6298 0.61616 0.60672 0.59712 0.59272 0.58476 0.58556 0.56072 0.56008 0.54956 0.5468 0.52836 0.51368 0.5218 0.50208 0.50532 0.51112 0.4986 0.50704 0.5076 0.5026 0.49844 0.4998 0.49844 0.48736 0.51268 0.518 0.51084 0.4766 0.51972 0.52564 0.52096 0.51216 0.5488 0.46776 0.48468 0.46768 0.36288 0.45828 0.4444 0.47732 0.4324 0.46316 0.43484 0.43908
0.7006 0.70528 0.70728 0.70624 0.71012 0.71456 0.71512 0.71244 0.7192 0.71184 0.71752 0.7204 0.72696 0.73236 0.73324 0.73064 0.7304 0.73036 0.72632 0.7198 0.69196 0.66152 0.66092 0.63924 0.62028 0.62684 0.62592 0.62192 0.6116 0.59908 0.59184 0.58444 0.5622 0.5758 0.5624 0.54884 0.54796 0.53732 0.52664 0.52756 0.5284 0.51412 0.51792 0.5108 0.5074 0.50168 0.50252 0.50736 0.50476 0.51848 0.50332 0.51348 0.48724 0.51512 0.53072 0.50608 0.5612 0.55604 0.51996 0.4758 0.518 0.50684 0.46316 0.36736 0.42872 0.45108 0.43476 0.46564 0.45536 0.43532
0.69876 0.71104 0.7068 0.70392 0.7058 0.70672 0.70144 0.70448 0.70436 0.7006 0.71116 0.71516 0.71592 0.72836 0.72276 0.73024 0.72984 0.7324 0.72552 0.72268 0.6952 0.66936 0.68672 0.657 0.64188 0.63724 0.62424 0.62344 0.618 0.60348 0.60564 0.59496 0.5414 0.58384 0.5722 0.54952 0.55236 0.51344 0.52612 0.51172 0.51228 0.521 0.51256 0.51176 0.50976 0.5128 0.51208 0.49988 0.50364 0.51012 0.49408 0.51512 0.50584 0.53572 0.502 0.56064 0.56544 0.55776 0.51176 0.53084 0.48932 0.47316 0.53244 0.46688 0.35216 0.39876 0.42288 0.45048 0.43296 0.33536
-9999 0.70252 0.70548 0.70288 0.70716 0.69664 0.69528 0.69732 0.70032 0.69948 0.70756 0.70952 0.71648 0.71544 0.72268 0.72408 0.72768 0.725 0.727 0.728 0.72084 0.70324 0.67192 0.66536 0.64068 0.64576 0.62148 0.632 0.6222 0.60624 0.59408 0.60072 0.57768 0.57776 0.56216 0.53372 0.55628 0.55684 0.55392 0.54964 0.53892 0.52404 0.51436 0.53656 0.51532 0.511 0.52176 0.4848 0.50116 0.51528 0.49644 0.47828 0.51344 0.51728 0.50772 0.55076 0.55248 0.60324 0.56196 0.58576 0.56788 0.50664 0.49596 0.52768 0.51732 0.588 0.58448 0.52148 0.53412 0.521
-9999 0.70268 0.70608 0.70204 0.69904 0.696 0.69264 0.69404 0.6914 0.69392 0.69832 0.70644 0.70228 0.70904 0.71012 0.71644 0.72176 0.7274 0.7252 0.73036 0.72044 0.70088 0.70208 0.67656 0.65932 0.65912 0.63428 0.6228 0.6262 0.62164 0.61716 0.61388 0.5956 0.58904 0.59224 0.57844 0.58384 0.55788 0.53164 0.5322 0.55292 0.52928 0.52536 0.53764 0.54248 0.49864 0.50056 0.4966 0.5126 0.49164 0.49472 0.48888 0.52604 0.55916 0.53772 0.57844 0.6156 0.58264 0.58168 0.58456 0.6098 0.52904 0.53472 0.56672 0.4752 0.51312 0.56116 0.55128 0.59976 0.5684
-9999 0.7032 0.70052 0.70116 0.69636 0.695 0.6916 0.69312 0.68736 0.69176 0.6922 0.69532 0.6936 0.69544 0.70232 0.7124 0.71776 0.72088 0.72368 0.72568 0.72444 0.72064 0.71592 0.69008 0.68644 0.6626 0.66704 0.66564 0.63324 0.62824 0.63336 0.60284 0.6048 0.60156 0.58828 0.58732 0.56472 0.59264 0.54932 0.54924 0.55444 0.55036 0.528 0.52184 0.51708 0.5298 0.50812 0.53236 0.50356 0.4996 0.52588 0.48076 0.54624 0.57436 0.55996 0.60004 0.6178 0.58752 0.5918 0.594 0.58416 0.62044 0.60988 0.55644 0.569 0.5886 0.55212 0.63324 0.64872 0.67432
-9999 0.69744 0.69916 0.69252 0.68988 0.69068 0.69112 0.68952 0.68636 0.68404 0.684 0.69176 0.69168 0.69096 0.69352 0.7006 0.70904 0.71 0.71884 0.72404 0.72636 0.72556 0.721 0.70468 0.69776 0.69336 0.68828 0.66956 0.67276 0.66332 0.63604 0.63304 0.60396 0.59384 0.6134 0.60604 0.5936 0.58516 0.57368 0.52796 0.56268 0.5392 0.53056 0.51848 0.50176 0.51608 0.51828 0.5106 0.519 0.51416 0.53972 0.5948 0.58536 0.5636 0.61772 0.57344 0.59408 0.60544 0.60996 0.60796 0.6066 0.62204 0.58356 0.64328 0.63472 0.62568 0.60452 0.64696 0.67456 0.66732
-9999 -9999 -9999 0.68412 0.68476 0.68988 0.68168 0.6824 0.67896 0.6856 0.6824 0.68472 0.68532 0.691 0.69252 0.69696 0.70284 0.7062 0.71248 0.7192 0.72292 0.72312 0.72216 0.7022 0.72276 0.70172 0.69904 0.68676 0.68256 0.68064 0.6706 0.64924 0.64412 0.642 0.64 0.62456 0.58836 0.6 0.59848 0.556 0.55156 0.55732 0.57636 0.53736 0.53824 0.54524 0.5386 0.55644 0.54644 0.57788 0.5928 0.57356 0.56904 0.58776 0.58108 0.58524 0.60908 0.6014 0.61864 0.61564 0.6182 0.60836 0.61716 0.62516 0.5978 0.60696 0.66468 0.65048 0.64952 0.64672
-9999 -9999 -9999 -9999 0.68056 0.67716 0.68076 0.67932 0.68132 0.681 0.68084 0.67412 0.6768 0.69324 0.68548 0.6882 0.69328 0.6996 0.70204 0.708 0.71332 0.72264 0.72148 0.70528 0.71288 0.71808 0.71956 0.69944 0.6964 0.67624 0.68376 0.6792 0.66616 0.64068 0.6496 0.61816 0.63872 0.64712 0.58172 0.59632 0.58376 0.58368 0.57964 0.57332 0.55244 0.54044 0.53644 0.56368 0.55972 0.55304 0.6094 0.60352 0.62692 0.59216 0.61236 0.607 0.6202 0.60468 0.59868 0.62076 0.61224 0.62192 0.63012 0.6258 0.6674 0.66908 0.65256 0.6774 0.68352 0.64104
-9999 -9999 -9999 -9999 -9999 0.68692 0.67928 0.67536 0.6776 0.66708 0.67536 0.67156 0.676 0.67944 0.6872 0.68816 0.69272 0.69424 0.69716 0.70444 0.70704 0.7148 0.7196 0.71576 0.71828 0.72144 0.7188 0.71536 0.70092 0.68908 0.67304 0.70136 0.68536 0.68208 0.6776 0.68124 0.64756 0.628 0.62804 0.60704 0.59848 0.61776 0.57504 0.57412 0.55176 0.59092 0.5634 0.58496 0.59828 0.62404 0.61184 0.63472 0.62056 0.6286 0.64368 0.60808 0.60396 0.61616 0.61764 0.61024 0.6498 0.61836 0.6452 0.63572 0.66724 0.6652 0.65472 0.64828 0.67432 0.641
-9999 -9999 -9999 -9999 -9999 -9999 0.6798 0.67344 0.67552 0.6742 0.66108 0.67212 0.67396 0.68052 0.67808 0.68492 0.68412 0.6924 0.69724 0.70024 0.70216 0.70932 0.70392 0.71656 0.71428 0.7176 0.71844 0.6966 0.71316 0.699 0.70616 0.68264 0.6758 0.67448 0.70384 0.67504 0.67388 0.63664 0.64836 0.628 0.62676 0.6322 0.60112 0.57328 0.5798 0.59744 0.60228 0.5902 0.59552 0.60988 0.63192 0.66764 0.61132 0.64884 0.64164 0.64728 0.6134 0.65236 0.62184 0.61948 0.62288 0.62812 0.62564 0.6262 0.62612 0.5972 0.62508 0.62496 0.64572 0.64224
-9999 -9999 -9999 -9999 -9999 -9999 -9999 -9999 0.67376 0.66596 0.66384 0.66752 0.68024 0.67472 0.682 0.68264 0.68548 0.69012 0.69144 0.69588 0.6994 0.70436 0.71044 0.71608 0.71804 0.71704 0.7138 0.7172 0.71596 0.69896 0.71508 0.70452 0.70096 0.70408 0.70536 0.69508 0.68088 0.69092 0.6746 0.68648 0.66736 0.63176 0.63828 0.60608 0.56984 0.62748 0.63168 0.64308 0.63204 0.66236 0.62548 0.67188 0.61544 0.6154 0.60824 0.69328 0.67264 0.62188 0.6468 0.6156 0.61796 0.62456 0.62152 0.61856 0.59192 0.63112 0.62492 0.63292 0.63788 0.61204
-9999 -9999 -9999 -9999 -9999 -9999 -9999 -9999 -9999 0.67028 0.67036 0.67196 0.67532 0.67564 0.67312 0.68048 0.68044 0.68408 0.68996 0.69296 0.69648 0.70336 0.70808 0.70776 0.71272 0.7186 0.71736 0.70492 0.69888 0.72072 0.6814 0.70816 0.70736 0.69292 0.70276 0.70376 0.7024 0.67864 0.68568 0.66464 0.678 0.63704 0.6708 0.62036 0.55072 0.5914 0.63816 0.65752 0.66172 0.61276 0.64816 0.6714 0.60684 0.66656 0.69592 0.61828 0.6598 0.65084 0.6764 0.61584 0.61152 0.62508 0.62504 0.61948 0.6178 0.62056 0.61836 0.62804 0.66248 0.66076
-9999 -9999 -9999 -9999 -9999 -9999 -9999 -9999 -9999 -9999 0.67184 0.67116 0.67496 0.67524 0.6772 0.68236 0.68048 0.68504 0.6884 0.6916 0.69392 0.70008 0.7048 0.70836 0.71224 0.7158 0.68676 0.7194 0.71696 0.71872 0.72224 0.7008 0.70744 0.71516 0.70596 0.69476 0.66916 0.6924 0.71224 0.65284 0.65424 0.65856 0.62464 0.59432 0.54956 0.65392 0.64376 0.67804 0.67008 0.6536 0.65784 0.67352 0.66132 0.68652 0.6468 0.63744 0.63748 0.65396 0.62132 0.65768 0.64984 0.6522 0.6912 0.65116 0.62028 0.64748 0.64716 0.63188 0.62804 0.65336
-9999 -9999 -9999 -9999 -9999 -9999 -9999 -9999 -9999 -9999 -9999 -9999 0.67412 0.67828 0.67404 0.68172 0.68388 0.68784 0.68704 0.69144 0.69332 0.69652 0.70308 0.7072 0.70696 0.71336 0.69888 0.70072 0.72212 0.708 0.72312 0.70248 0.71112 0.70744 0.71448 0.70008 0.7068 0.68996 0.67832 0.68496 0.65324 0.66496 0.64296 0.63008 0.65008 0.68544 0.70152 0.6438 0.66224 0.64644 0.65144 0.65176 0.67508 0.68008 0.6778 0.64752 0.65484 0.6132 0.62908 0.61652 0.6552 0.66184 0.67716 0.64864 0.65064 0.6264 0.62632 0.62816 0.60196 0.65068
-9999 -9999 -9999 -9999 -9999 -9999 -9999 -9999 -9999 -9999 -9999 -9999 -9999 0.67916 0.6794 0.67912 0.6834 0.6866 0.68768 0.6914 0.693 0.69764 0.70176 0.70388 0.70776 0.70044 0.71624 0.67764 0.72056 0.71652 0.72288 0.72128 0.71156 0.68032 0.68224 0.68764 0.67624 0.67548 0.65136 0.66668 0.6464 0.5986 0.61892 0.60552 0.61076 0.649 0.65252 0.6444 0.6282 0.61132 0.63136 0.65568 0.61148 0.6298 0.59236 0.60112 0.67352 0.61648 0.6478 0.64684 0.64508 0.62224 0.62436 0.65152 0.6512 0.65124 0.66716 0.62804 0.63204 0.65396
-9999 -9999 -9999 -9999 -9999 -9999 -9999 -9999 -9999 -9999 -9999 -9999 -9999 -9999 -9999 0.6796 0.68528 0.68856 0.68872 0.69352 0.69152 0.69592 0.70152 0.7054 0.70732 0.71144 0.70564 0.71864 0.7048 0.671 0.67576 0.71864 0.719 0.67996 0.67584 0.67224 0.68432 0.68544 0.64564 0.62836 0.62152 0.5538 0.56572 0.5646 0.66244 0.65144 0.5822 0.64076 0.62192 0.59848 0.62736 0.59904 0.6416 0.61916 0.64876 0.56348 0.67288 0.612 0.62988 0.63116 0.64876 0.62212 0.6512 0.65296 0.65088 0.66272 0.62864 0.62784 0.65176 0.65408
-9999 -9999 -9999 -9999 -9999 -9999 -9999 -9999 -9999 -9999 -9999 -9999 -9999 -9999 -9999 -9999 0.68584 0.68828 0.69052 0.69452 0.6976 0.69804 0.70436 0.70248 0.70516 0.71 0.71312 0.70796 0.70812 0.72052 0.6824 0.7088 0.7084 0.67444 0.68224 0.6768 0.68892 0.67624 0.64596 0.63056 0.6168 0.54372 0.554 0.59972 0.61724 0.56396 0.48352 0.56972 0.53928 0.51848 0.57916 0.55628 0.59432 0.661 0.67648 0.68072 0.63144 0.63532 0.6652 0.62292 0.62192 0.61952 0.64764 0.65696 0.6462 0.66388 0.65208 0.62316 0.6232 0.62732
-9999 -9999 -9999 -9999 -9999 -9999 -9999 -9999 -9999 -9999 -9999 -9999 -9999 -9999 -9999 -9999 -9999 0.68896 0.69192 0.69552 0.69852 0.6988 0.70424 0.70632 0.71196 0.7094 0.70392 0.71528 0.70948 0.6752 0.69492 0.70248 0.66932 0.70464 0.69736 0.67528 0.69328 0.68756 0.63984 0.65744 0.59288 0.57032 0.57828 0.60284 0.57872 0.55676 0.50112 0.4938 0.5246 0.54172 0.51776 0.50936 0.50992 0.59492 0.61264 0.68568 0.6682 0.67576 0.63116 0.61828 0.61224 0.64524 0.6568 0.65632 0.66584 0.65048 0.6482 0.62704 0.624 0.62736
-9999 -9999 -9999 -9999 -9999 -9999 -9999 -9999 -9999 -9999 -9999 -9999 -9999 -9999 -9999 -9999 -9999 -9999 0.69328 0.69728 0.69652 0.7028 0.70512 0.70788 0.70816 0.71052 0.71316 0.7144 0.7112 0.69616 0.7172 0.6766 0.6908 0.70976 0.7172 0.71372 0.71724 0.68092 0.64696 0.6308 0.5716 0.533 0.6004 0.50828 0.46112 0.49756 0.46368 0.4792 0.50308 0.55452 0.5212 0.5808 0.64484 0.58288 0.605 0.62364 0.62804 0.61912 0.66 0.62704 0.6396 0.62564 0.61072 0.64116 0.63508 0.64764 0.61712 0.62064 0.62384 0.624
