rf/output/run1/results/raw/RF_5Prob_current.asc
NCOLS 683 
NROWS 518 
XLLCORNER -87.691661853 
YLLCORNER 10.708337021 
CELLSIZE 0.00833333376866763 
NODATA_value -9999 
[rows 341 to 371 of 518, columns 140 to 209 of 683]
0.27344 0.2764 0.27336 0.28404 0.28988 0.29716 0.30392 0.29772 0.29856 0.317 0.31588 0.31532 0.35476 0.24292 0.23512 0.22812 0.22612 0.227 0.22672 0.22716 0.228 0.22972 0.2292 0.23176 0.23224 0.23272 0.2324 0.2332 0.23288 0.23264 0.23488 0.23432 0.23424 0.23324 0.2338 0.23372 0.23336 0.23164 0.23268 0.23188 0.232 0.23264 0.23236 0.23264 0.23256 0.23316 0.23324 0.23264 0.23332 0.23384 0.235 0.23628 0.23508 0.23212 0.23692 0.23264 0.22888 0.2324 0.23248 0.234 0.23516 0.23552 0.24028 0.23984 0.2428 0.2456 0.26228 0.2488 0.24468 0.25788
0.2634 0.26488 0.2744 0.28264 0.27244 0.2612 0.28408 0.29888 0.3214 0.302 0.31052 0.32756 0.31692 0.252 0.23448 0.2294 0.2264 0.22428 0.22908 0.22664 0.22856 0.23076 0.22924 0.23152 0.23212 0.2328 0.23408 0.233 0.23272 0.23364 0.23288 0.23488 0.23452 0.23356 0.23332 0.23332 0.23292 0.23364 0.23324 0.2324 0.23408 0.23284 0.23324 0.23292 0.23284 0.23396 0.23384 0.2332 0.23352 0.23264 0.23496 0.2364 0.23448 0.23508 0.23156 0.23392 0.23408 0.23264 0.23084 0.23316 0.23716 0.237 0.23576 0.23724 0.23948 0.24452 0.24732 0.24308 0.24248 0.24336
0.26108 0.26192 0.2556 0.28668 0.2514 0.29316 0.27104 0.2818 0.29044 0.30232 0.32796 0.31512 0.32172 0.26996 0.23168 0.23008 0.23092 0.22656 0.22764 0.22796 0.23052 0.2326 0.23264 0.23088 0.23036 0.2332 0.23356 0.23372 0.23296 0.23264 0.23428 0.23288 0.23296 0.23424 0.23344 0.23068 0.23312 0.23368 0.23372 0.23196 0.23256 0.23384 0.2334 0.23332 0.23312 0.23416 0.23348 0.2332 0.23412 0.23392 0.23476 0.23424 0.22828 0.23388 0.23312 0.23316 0.23428 0.23024 0.23732 0.236 0.2334 0.23248 0.23308 0.23268 0.23876 0.23588 0.24528 0.2504 0.25532 0.2426
0.24056 0.24748 0.25312 0.25984 0.27324 0.2698 0.28548 0.2992 0.32516 0.32664 0.32416 0.34448 0.33044 0.351 0.25036 0.23324 0.23336 0.22612 0.22788 0.23216 0.22916 0.23132 0.23656 0.23864 0.233 0.23468 0.23432 0.23436 0.23456 0.23484 0.23492 0.23416 0.23308 0.2344 0.23352 0.23308 0.23312 0.234 0.234 0.2336 0.23392 0.23304 0.23264 0.23312 0.23356 0.23424 0.2326 0.23328 0.23412 0.23464 0.23508 0.2346 0.23684 0.23456 0.22896 0.23476 0.23404 0.23312 0.2324 0.2328 0.2374 0.23436 0.23348 0.23324 0.23264 0.24048 0.24048 0.24288 0.24332 0.25224
0.23952 0.25468 0.23732 0.25244 0.26096 0.2566 0.26908 0.28348 0.31288 0.32432 0.31416 0.32104 0.33528 0.34352 0.26784 0.25316 0.22764 0.22636 0.23356 0.22984 0.23044 0.23212 0.23404 0.23836 0.2324 0.23256 0.23408 0.22724 0.23596 0.23248 0.23452 0.2344 0.23496 0.23428 0.23512 0.23492 0.2338 0.23536 0.23496 0.23376 0.2332 0.234 0.23448 0.2342 0.23424 0.2336 0.23324 0.23412 0.23456 0.23492 0.23576 0.23092 0.2298 0.23744 0.22948 0.23192 0.23496 0.231 0.22944 0.2334 0.2336 0.23244 0.23264 0.23108 0.23204 0.23988 0.24136 0.24248 0.2442 0.24744
0.22576 0.22488 0.2334 0.2526 0.25048 0.27788 0.2752 0.27856 0.29104 0.30284 0.31 0.34168 0.33544 0.33116 0.33316 0.258 0.24428 0.23864 0.23 0.23208 0.23432 0.23552 0.23812 0.24012 0.2346 0.2346 0.22892 0.22876 0.2276 0.23128 0.23552 0.2354 0.2344 0.2306 0.23456 0.23376 0.23496 0.2348 0.23376 0.23232 0.2332 0.23528 0.234 0.23372 0.23408 0.2342 0.23608 0.2326 0.23396 0.23516 0.2346 0.2358 0.23044 0.23272 0.23516 0.23312 0.22972 0.23228 0.2288 0.23324 0.23284 0.23368 0.22972 0.23028 0.2306 0.23036 0.23036 0.2446 0.24092 0.23964
0.2302 0.23072 0.23728 0.237 0.2408 0.25784 0.2758 0.2772 0.29544 0.30196 0.30808 0.31488 0.33384 0.344 0.34488 0.32644 0.26524 0.2454 0.24176 0.24388 0.24496 0.2428 0.2508 0.26276 0.24408 0.24068 0.23452 0.23268 0.22944 0.22568 0.22596 0.22676 0.23168 0.22948 0.23204 0.23352 0.22784 0.23472 0.23716 0.23308 0.23492 0.2332 0.23528 0.23432 0.23472 0.23096 0.23352 0.23376 0.23484 0.23588 0.23452 0.23164 0.23444 0.2338 0.23512 0.23304 0.22744 0.23628 0.22836 0.22688 0.23176 0.23228 0.23308 0.23264 0.22908 0.2294 0.22928 0.22832 0.24596 0.24444
0.22184 0.22704 0.23852 0.24004 0.23232 0.24392 0.25344 0.27324 0.2814 0.27232 0.2968 0.33468 0.3312 0.33216 0.34244 0.34132 0.28992 0.26656 0.25268 0.24696 0.25352 0.25152 0.25796 0.2576 0.23084 0.2416 0.24008 0.2422 0.23728 0.23076 0.2364 0.2316 0.22756 0.23408 0.23468 0.235 0.23052 0.23724 0.23196 0.2374 0.22728 0.23496 0.23292 0.23464 0.23296 0.23456 0.2384 0.23496 0.23256 0.23616 0.23164 0.23032 0.23116 0.23316 0.2308 0.23492 0.23192 0.23176 0.23028 0.22628 0.23136 0.2316 0.232 0.23176 0.23904 0.22908 0.22728 0.23484 0.24288 0.24304
0.22968 0.22504 0.23276 0.22864 0.23124 0.24156 0.24356 0.25636 0.268 0.30176 0.30136 0.31608 0.31644 0.33232 0.33876 0.34256 0.30312 0.29292 0.2704 0.26456 0.26592 0.26268 0.26268 0.26568 0.2312 0.26068 0.25364 0.24196 0.24192 0.24568 0.23836 0.243 0.24304 0.23724 0.2406 0.24072 0.23652 0.24128 0.2354 0.2418 0.22924 0.23356 0.23432 0.23436 0.23356 0.23292 0.2354 0.23268 0.23364 0.23096 0.23136 0.23356 0.23872 0.23772 0.237 0.2276 0.22684 0.22536 0.22904 0.22576 0.22524 0.231 0.23152 0.23292 0.23312 0.22824 0.2348 0.22884 0.24168 0.24152
0.22532 0.22488 0.22964 0.25176 0.24252 0.2408 0.255 0.25676 0.26236 0.2854 0.28272 0.3094 0.32032 0.32828 0.33888 0.33876 0.3352 0.30308 0.2924 0.28884 0.28048 0.2808 0.29024 0.293 0.2856 0.27164 0.2852 0.26072 0.27124 0.27364 0.26172 0.25576 0.25892 0.2468 0.25148 0.2586 0.25264 0.25016 0.24144 0.24 0.23812 0.22712 0.23132 0.23172 0.23128 0.23612 0.2314 0.23156 0.23428 0.23564 0.2346 0.23864 0.23524 0.23612 0.22952 0.23676 0.22628 0.23264 0.23248 0.22512 0.22468 0.23084 0.23104 0.23248 0.23276 0.2378 0.24312 0.23068 0.22728 0.23884
0.22192 0.2286 0.22764 0.23736 0.23544 0.24312 0.24708 0.2494 0.26496 0.25572 0.2966 0.29728 0.31568 0.33584 0.33732 0.34228 0.35112 0.32452 0.3126 0.31404 0.30344 0.30572 0.30564 0.31308 0.28656 0.294 0.30352 0.30516 0.29744 0.30716 0.3002 0.28908 0.27896 0.27652 0.27676 0.27552 0.27444 0.2518 0.25068 0.24624 0.2378 0.23392 0.23196 0.22708 0.23572 0.23116 0.23344 0.23552 0.23388 0.23828 0.24404 0.24296 0.24188 0.23652 0.23704 0.22956 0.22964 0.23192 0.22512 0.23044 0.22692 0.22532 0.23084 0.23212 0.23352 0.23996 0.23416 0.22908 0.23128 0.23132
0.22616 0.2244 0.22804 0.22968 0.23236 0.23752 0.2348 0.24136 0.24276 0.2756 0.3042 0.29804 0.33264 0.33312 0.33156 0.34048 0.37616 0.33228 0.326 0.32164 0.31792 0.32172 0.31436 0.32376 0.32536 0.3174 0.31668 0.31596 0.3214 0.3318 0.3454 0.3236 0.3126 0.32 0.30004 0.29672 0.27912 0.26044 0.26668 0.25156 0.2448 0.24148 0.2264 0.23328 0.23188 0.23112 0.2352 0.23264 0.23824 0.24532 0.24872 0.24024 0.23872 0.24044 0.235 0.2424 0.23684 0.23196 0.22476 0.22828 0.2306 0.22548 0.22536 0.23148 0.23216 0.24028 0.24376 0.2452 0.23244 0.23116
0.22364 0.22836 0.22516 0.22688 0.22828 0.23164 0.2294 0.24956 0.26856 0.26372 0.29224 0.29916 0.3104 0.3182 0.32932 0.3368 0.34796 0.37108 0.33896 0.3244 0.32692 0.3274 0.32824 0.32728 0.32976 0.31748 0.33128 0.32976 0.32732 0.33248 0.33508 0.35232 0.34888 0.32352 0.3162 0.30368 0.28644 0.28256 0.26828 0.25056 0.2462 0.2318 0.23848 0.2298 0.23352 0.23508 0.23008 0.23796 0.24204 0.24436 0.24644 0.2458 0.24492 0.23912 0.23908 0.23668 0.23056 0.22912 0.23588 0.23352 0.22504 0.23532 0.22468 0.22464 0.23312 0.23292 0.23592 0.24156 0.2318 0.23176
0.2232 0.22684 0.2282 0.22436 0.22424 0.22876 0.2286 0.23732 0.24892 0.25764 0.2606 0.29968 0.31584 0.33048 0.34068 0.34436 0.35168 0.36948 0.35656 0.34028 0.33292 0.34296 0.34548 0.3384 0.3412 0.33424 0.34556 0.34108 0.35656 0.34844 0.35588 0.34996 0.35372 0.32848 0.32424 0.29504 0.2896 0.28116 0.25788 0.25068 0.24192 0.24212 0.23276 0.23344 0.23308 0.23516 0.22972 0.24152 0.258 0.25704 0.2516 0.2552 0.24524 0.24664 0.2476 0.24012 0.23464 0.23036 0.22592 0.23068 0.23416 0.23164 0.22492 0.22456 0.22468 0.23512 0.2382 0.2338 0.23628 0.2316
0.22436 0.22116 0.2254 0.22752 0.22812 0.2278 0.22688 0.23816 0.24284 0.24924 0.27976 0.29956 0.33088 0.31852 0.32488 0.33816 0.34784 0.3554 0.37072 0.36096 0.34344 0.3522 0.35596 0.36228 0.34916 0.3512 0.34968 0.35608 0.362 0.36188 0.36216 0.36816 0.35284 0.3476 0.34948 0.3236 0.29596 0.28624 0.25964 0.25284 0.2424 0.23976 0.23196 0.23424 0.23432 0.2304 0.23052 0.2498 0.25508 0.25164 0.26336 0.26356 0.25704 0.24648 0.2458 0.24764 0.2456 0.23956 0.24016 0.23664 0.22488 0.22552 0.23344 0.22564 0.23136 0.23156 0.234 0.23376 0.23656 0.24052
0.22372 0.22068 0.22364 0.22416 0.22804 0.2288 0.22724 0.2374 0.242 0.2618 0.29168 0.31368 0.32012 0.33556 0.329 0.33652 0.33768 0.36972 0.3682 0.38468 0.375 0.3444 0.37716 0.36428 0.36384 0.36884 0.35568 0.37116 0.38316 0.40492 0.39476 0.37176 0.3474 0.35948 0.37784 0.30232 0.29844 0.2852 0.26224 0.25904 0.24796 0.24104 0.25008 0.2448 0.23976 0.23988 0.2418 0.25124 0.24648 0.25276 0.27108 0.27012 0.26384 0.26328 0.25656 0.24516 0.2498 0.23636 0.23104 0.235 0.23676 0.23528 0.23212 0.23332 0.2262 0.22536 0.23408 0.234 0.24088 0.23992
0.2222 0.22316 0.22396 0.22632 0.22764 0.22488 0.23068 0.24848 0.26336 0.29968 0.28712 0.305 0.3176 0.33748 0.33256 0.33988 0.35824 0.38476 0.35948 0.37928 0.37096 0.38076 0.38012 0.37508 0.3888 0.36096 0.38152 0.39028 0.3928 0.39444 0.38912 0.3726 0.38436 0.3832 0.35124 0.31932 0.29052 0.28144 0.271 0.27964 0.26628 0.25764 0.26688 0.25848 0.25076 0.251 0.25116 0.25052 0.25912 0.27168 0.26812 0.278 0.27384 0.27296 0.27028 0.2662 0.25788 0.24536 0.24464 0.24608 0.2348 0.23428 0.23608 0.23456 0.22592 0.2262 0.23628 0.23676 0.23644 0.23972
0.22188 0.22292 0.22396 0.22488 0.2318 0.2328 0.2332 0.23696 0.27244 0.28964 0.30788 0.31656 0.3334 0.33216 0.32724 0.33988 0.357 0.35916 0.36812 0.38968 0.39272 0.4044 0.37008 0.39108 0.36196 0.36324 0.40676 0.37252 0.38288 0.38996 0.369 0.39528 0.4004 0.3816 0.37924 0.39112 0.32168 0.30912 0.28956 0.30464 0.29056 0.29308 0.29492 0.26952 0.28372 0.27388 0.2584 0.26292 0.2608 0.26108 0.26908 0.28488 0.28624 0.27928 0.268 0.2754 0.25816 0.25428 0.24072 0.23136 0.24528 0.24396 0.23464 0.2336 0.22616 0.24168 0.23904 0.2338 0.23612 0.23608
0.22068 0.22016 0.23268 0.2286 0.23332 0.2356 0.25036 0.24416 0.2536 0.261 0.29116 0.29984 0.31788 0.33288 0.31796 0.33156 0.34172 0.359 0.36056 0.3528 0.37144 0.38928 0.3796 0.38664 0.37764 0.39944 0.37776 0.3892 0.39216 0.40532 0.40764 0.40056 0.39696 0.40416 0.37796 0.36884 0.33412 0.31328 0.32008 0.30528 0.32812 0.33752 0.3358 0.32968 0.32552 0.29608 0.26128 0.26108 0.27328 0.27132 0.27348 0.28456 0.29552 0.29524 0.2958 0.2786 0.27456 0.25092 0.25124 0.24704 0.24448 0.2352 0.23504 0.24084 0.24468 0.25856 0.25544 0.2376 0.25944 0.23588
0.22264 0.22492 0.22688 0.23168 0.234 0.23592 0.23464 0.23588 0.24628 0.25452 0.25492 0.28704 0.31212 0.32012 0.32788 0.33148 0.3542 0.35616 0.38556 0.35768 0.39244 0.3672 0.37352 0.41352 0.36736 0.37408 0.41812 0.406 0.41312 0.43276 0.42936 0.4192 0.40876 0.41544 0.40472 0.3436 0.35616 0.33376 0.34564 0.3488 0.31828 0.3232 0.332 0.31964 0.3178 0.32624 0.27264 0.27804 0.27584 0.27568 0.27908 0.29872 0.30208 0.31648 0.30656 0.28204 0.26092 0.25508 0.24844 0.2516 0.23804 0.23688 0.23304 0.24388 0.24296 0.2448 0.26184 0.26084 0.26192 0.23924
0.22464 0.227 0.22516 0.22752 0.23156 0.23152 0.23424 0.23332 0.24216 0.2478 0.27108 0.29356 0.3068 0.31816 0.33064 0.33044 0.33308 0.35732 0.36372 0.3624 0.39416 0.37936 0.3832 0.43296 0.42192 0.40764 0.42796 0.42304 0.43236 0.4354 0.43792 0.42436 0.40648 0.40396 0.37404 0.35572 0.3374 0.3534 0.35524 0.34772 0.31932 0.31904 0.33936 0.331 0.32836 0.3358 0.33692 0.29388 0.29008 0.27784 0.28748 0.2936 0.3172 0.32616 0.31332 0.31104 0.2928 0.2594 0.24772 0.24132 0.2362 0.24432 0.2424 0.2352 0.24428 0.25724 0.2614 0.27888 0.25012 0.24044
0.22492 0.2268 0.22708 0.2266 0.22744 0.23108 0.23496 0.24148 0.24872 0.26088 0.278 0.2924 0.31396 0.32088 0.31732 0.32908 0.34236 0.35096 0.36564 0.38 0.35712 0.38672 0.39564 0.41216 0.42892 0.4284 0.43556 0.45444 0.4482 0.43676 0.42696 0.4326 0.37756 0.35052 0.3554 0.3582 0.35132 0.35688 0.36284 0.34388 0.3228 0.35296 0.35428 0.33924 0.32588 0.32892 0.3324 0.30664 0.29688 0.28844 0.2964 0.29876 0.3236 0.35252 0.32176 0.30836 0.29744 0.26424 0.25396 0.24504 0.24196 0.23696 0.23504 0.24612 0.23696 0.24604 0.27452 0.25988 0.2754 0.24056
0.22776 0.22316 0.22512 0.22772 0.22924 0.23008 0.23692 0.23796 0.24912 0.26284 0.26732 0.29104 0.31656 0.32964 0.319 0.34104 0.33952 0.35924 0.37492 0.38072 0.3714 0.36552 0.38344 0.41488 0.42788 0.45872 0.45404 0.44508 0.445 0.44372 0.43344 0.42292 0.3806 0.40204 0.37004 0.35676 0.3548 0.36328 0.35888 0.33556 0.34772 0.368 0.38572 0.36636 0.36068 0.34616 0.3028 0.27652 0.24388 0.28304 0.30148 0.3368 0.33216 0.33584 0.31692 0.2982 0.29708 0.26136 0.25256 0.25876 0.27052 0.25264 0.24584 0.2458 0.24332 0.24256 0.25232 0.2768 0.28456 0.26684
0.22464 0.22404 0.22484 0.22624 0.22712 0.23152 0.2342 0.23732 0.24964 0.25584 0.27932 0.29488 0.3014 0.32756 0.31956 0.3358 0.35104 0.35576 0.3674 0.37772 0.374 0.36088 0.38416 0.39088 0.42848 0.45728 0.45552 0.46192 0.46152 0.438 0.4368 0.4294 0.40312 0.3708 0.35088 0.36636 0.36412 0.36136 0.38588 0.34636 0.35036 0.37028 0.40812 0.40128 0.39804 0.31432 0.292 0.2636 0.23748 0.24888 0.32552 0.32596 0.34308 0.34108 0.31604 0.34316 0.29296 0.2748 0.26716 0.26672 0.25276 0.25432 0.24776 0.24584 0.2552 0.25864 0.24356 0.24444 0.27224 0.2684
0.22536 0.22908 0.2266 0.22728 0.2278 0.23388 0.23684 0.23792 0.24284 0.26212 0.288 0.2946 0.31412 0.33208 0.32784 0.33296 0.3518 0.35248 0.35984 0.37852 0.38624 0.39932 0.40208 0.40176 0.44936 0.45108 0.45628 0.4466 0.43444 0.4486 0.46244 0.39516 0.39792 0.3712 0.35268 0.38632 0.37084 0.3848 0.38752 0.40052 0.39604 0.36724 0.38888 0.3974 0.38008 0.35388 0.28344 0.25688 0.24324 0.24272 0.31464 0.32816 0.34556 0.33628 0.34592 0.33376 0.32568 0.2882 0.28704 0.31304 0.30244 0.314 0.2658 0.25788 0.26664 0.24356 0.28208 0.26216 0.28484 0.267
0.22428 0.22652 0.22584 0.22644 0.22924 0.22772 0.23176 0.2386 0.24976 0.25088 0.2924 0.30176 0.31872 0.32356 0.33492 0.33532 0.33816 0.34524 0.362 0.38076 0.37992 0.39936 0.39972 0.39796 0.42752 0.45128 0.46452 0.46816 0.44104 0.42168 0.4322 0.45636 0.39472 0.37512 0.37724 0.3896 0.386 0.38764 0.40624 0.40784 0.41084 0.3916 0.36632 0.40108 0.37484 0.323 0.27604 0.2568 0.24328 0.24224 0.31796 0.3262 0.33984 0.35736 0.34524 0.34796 0.33244 0.32296 0.30628 0.33984 0.2838 0.27604 0.28896 0.28084 0.25688 0.28716 0.2756 0.27032 0.2868 0.26748
0.22772 0.22792 0.22764 0.22824 0.22596 0.22688 0.23384 0.25088 0.27288 0.3052 0.31528 0.31812 0.33184 0.32368 0.32368 0.32188 0.34308 0.33848 0.3628 0.36756 0.39488 0.38552 0.37388 0.38636 0.40084 0.4276 0.4472 0.43636 0.44344 0.44432 0.43848 0.42684 0.40832 0.39072 0.4052 0.39776 0.39996 0.41056 0.38372 0.38812 0.36288 0.37388 0.39888 0.3828 0.36164 0.30732 0.26624 0.25216 0.2436 0.24232 0.27948 0.33052 0.36452 0.35756 0.40224 0.3678 0.41044 0.3682 0.33792 0.38828 0.37272 0.2812 0.33184 0.28508 0.27912 0.27068 0.30212 0.27908 0.28156 0.275
0.23148 0.23028 0.22884 0.22664 0.22912 0.235 0.25148 0.25652 0.26728 0.2868 0.30664 0.32012 0.31132 0.32888 0.31872 0.32448 0.33412 0.33748 0.35108 0.36788 0.37972 0.39484 0.3842 0.38796 0.39508 0.4274 0.44552 0.46128 0.4548 0.44704 0.45324 0.4444 0.45404 0.44068 0.44448 0.41752 0.41224 0.3954 0.3774 0.41032 0.38768 0.3832 0.36632 0.3872 0.35156 0.33568 0.25384 0.24476 0.24584 0.26636 0.33024 0.40956 0.4022 0.39376 0.39532 0.4184 0.3996 0.41172 0.37204 0.3802 0.34968 0.33212 0.2806 0.29324 0.29276 0.28448 0.3164 0.29092 0.29704 0.27476
0.23168 0.23004 0.23076 0.22964 0.22944 0.23192 0.23968 0.26464 0.28164 0.29048 0.29236 0.31304 0.30496 0.32968 0.32688 0.32728 0.3318 0.34476 0.34608 0.36832 0.37712 0.39112 0.38652 0.3844 0.42208 0.438 0.43448 0.4426 0.45164 0.44896 0.45088 0.44656 0.4464 0.43324 0.4166 0.427 0.42184 0.4208 0.39972 0.42152 0.43416 0.43772 0.38252 0.37356 0.37928 0.3456 0.32576 0.29324 0.3104 0.3492 0.36688 0.41688 0.43196 0.419 0.42664 0.44932 0.44208 0.37848 0.2852 0.2598 0.33492 0.35484 0.33952 0.31712 0.29888 0.28264 0.28972 0.2866 0.28136 0.3004
0.23 0.23104 0.23244 0.23152 0.23248 0.23224 0.24496 0.26768 0.26972 0.28436 0.28272 0.3134 0.33556 0.31984 0.33036 0.33556 0.32268 0.34344 0.34864 0.36292 0.3724 0.38312 0.38784 0.39748 0.39568 0.40196 0.42272 0.44392 0.4426 0.42928 0.44904 0.46204 0.42616 0.41276 0.43632 0.42912 0.41544 0.417 0.41964 0.39724 0.42724 0.41036 0.39908 0.37956 0.37496 0.40972 0.40632 0.40484 0.37612 0.39308 0.40956 0.42128 0.40772 0.43256 0.47716 0.45288 0.24324 0.2448 0.24988 0.25164 0.24784 0.29368 0.35948 0.30532 0.31432 0.30572 0.29632 0.31696 0.30192 0.28068
0.23284 0.22928 0.22852 0.2304 0.23248 0.2352 0.25212 0.26064 0.2672 0.26784 0.28308 0.2968 0.31584 0.31956 0.33076 0.33092 0.32552 0.3244 0.34264 0.35436 0.358 0.38048 0.38212 0.38772 0.3872 0.42084 0.43248 0.44376 0.44212 0.43432 0.442 0.44232 0.48096 0.45632 0.47272 0.414 0.4262 0.41796 0.4194 0.42476 0.42252 0.4096 0.38128 0.38464 0.39828 0.406 0.3964 0.40596 0.42248 0.39948 0.41308 0.43568 0.44232 0.50192 0.49988 0.44876 0.25436 0.25452 0.24788 0.27832 0.2472 0.24736 0.36252 0.32684 0.30112 0.30752 0.2806 0.327 0.28736 0.27476
