rf/output/run1/results/raw/RF_5Unc_current.asc
NCOLS 683 
NROWS 518 
XLLCORNER -87.691661853 
YLLCORNER 10.708337021 
CELLSIZE 0.00833333376866763 
NODATA_value -9999 
[rows 465 to 495 of 518, columns 280 to 349 of 683]
0.46612 0.45996 0.46044 0.44784 0.44804 0.4546 0.44876 0.45292 0.45392 0.45276 0.45492 0.45996 0.45912 0.45632 0.45108 0.45288 0.46364 0.46652 0.47136 0.48036 0.47824 0.47588 0.47604 0.50696 0.48232 0.4632 0.46736 0.47192 0.46192 0.45968 0.4456 0.49848 0.46336 0.46208 0.57216 0.57172 0.5688 0.55712 0.55728 0.55536 0.5376 0.5658 0.562 0.55628 0.55808 0.5932 0.59348 0.59408 0.62268 0.63552 0.63156 0.62988 0.61876 0.61996 0.6492 0.597 0.59988 0.65084 0.67152 0.67532 0.66852 0.69152 0.69388 0.649 0.64908 0.71096 0.6926 0.68316 0.7344 0.72832
0.4594 0.45688 0.45812 0.45496 0.45628 0.44904 0.4534 0.44628 0.44384 0.45164 0.4508 0.4564 0.45744 0.45468 0.45076 0.45232 0.45224 0.45348 0.47012 0.46632 0.4706 0.4722 0.47684 0.49948 0.48508 0.46808 0.46472 0.50116 0.46792 0.44412 0.45012 0.4948 0.48756 0.47052 0.45872 0.5268 0.56904 0.566 0.56304 0.54764 0.55236 0.5636 0.5718 0.56552 0.56244 0.595 0.59832 0.595 0.62828 0.63568 0.62424 0.64472 0.62588 0.65336 0.60592 0.6014 0.60056 0.64604 0.67 0.6392 0.67368 0.66964 0.6892 0.64932 0.6966 0.70932 0.685 0.71688 0.73616 0.7438
0.48364 0.46536 0.47152 0.45908 0.46488 0.46272 0.45912 0.45348 0.44308 0.4508 0.4476 0.44956 0.45388 0.45704 0.45136 0.4542 0.45332 0.45984 0.45404 0.46716 0.47416 0.47448 0.46924 0.47188 0.48832 0.47596 0.47148 0.46064 0.4686 0.44516 0.436 0.45068 0.48604 0.49248 0.46688 0.54448 0.57048 0.5668 0.55688 0.59792 0.55472 0.52812 0.56124 0.5592 0.59488 0.60056 0.60112 0.6172 0.62784 0.63784 0.64192 0.62796 0.6236 0.6208 0.64836 0.63896 0.66748 0.66884 0.67012 0.6814 0.67196 0.67528 0.67736 0.65132 0.6664 0.65204 0.68384 0.70108 0.7114 0.73744
-9999 0.47364 0.47556 0.4746 0.47544 0.47304 0.44568 0.46424 0.48564 0.451 0.44708 0.44828 0.4496 0.45696 0.4542 0.45264 0.45652 0.461 0.45544 0.45488 0.47548 0.47796 0.471 0.47052 0.49148 0.47672 0.468 0.4584 0.5054 0.45212 0.43956 0.44188 0.49056 0.49072 0.48972 0.50364 0.56852 0.56788 0.565 0.55216 0.586 0.53276 0.52632 0.56212 0.5546 0.59732 0.58928 0.63512 0.5936 0.6406 0.61748 0.6356 0.64696 0.64804 0.65888 0.65256 0.65384 0.64348 0.6698 0.66964 0.67276 0.6736 0.67636 0.67868 0.67988 0.68272 0.70708 0.70888 0.72608 0.72416
-9999 -9999 -9999 0.50268 0.4758 0.4806 0.47424 0.45132 0.45736 0.45756 0.45076 0.44912 0.44808 0.4562 0.45608 0.4592 0.45872 0.46032 0.46216 0.4586 0.46836 0.47592 0.47344 0.46804 0.49388 0.48036 0.46032 0.465 0.45372 0.50316 0.44388 0.43548 0.49364 0.49256 0.4916 0.49484 0.54524 0.56248 0.5658 0.55556 0.58456 0.58516 0.56616 0.52184 0.61972 0.6074 0.59344 0.60388 0.59368 0.59244 0.62292 0.61788 0.6166 0.6502 0.65252 0.65116 0.65048 0.64204 0.66836 0.672 0.67076 0.67124 0.68112 0.6824 0.68408 0.68596 0.71072 0.71876 0.72212 0.7238
-9999 -9999 -9999 -9999 -9999 0.4804 0.47608 0.47344 0.48804 0.45604 0.46 0.45744 0.44696 0.45192 0.456 0.45708 0.46264 0.45812 0.45996 0.45876 0.45688 0.47448 0.475 0.4682 0.4688 0.4808 0.46036 0.453 0.457 0.50704 0.48692 0.46964 0.46196 0.48616 0.4928 0.53596 0.53336 0.57328 0.56584 0.5708 0.55852 0.58624 0.57368 0.52044 0.52148 0.61488 0.60724 0.59828 0.59968 0.59512 0.62676 0.6296 0.61864 0.65092 0.64788 0.61276 0.60376 0.6082 0.6688 0.66996 0.67284 0.67968 0.67984 0.68236 0.68792 0.64532 0.72068 0.73212 0.7428 0.75224
-9999 -9999 -9999 -9999 -9999 -9999 -9999 0.46872 0.46836 0.47204 0.4568 0.4588 0.446 0.46268 0.4462 0.46548 0.46332 0.46332 0.46336 0.46288 0.4562 0.46608 0.47476 0.46404 0.46116 0.46508 0.45752 0.45084 0.45204 0.452 0.48204 0.48088 0.46616 0.45672 0.48624 0.49036 0.52656 0.57588 0.56736 0.5652 0.54264 0.53812 0.57996 0.57144 0.56732 0.61092 0.59708 0.60256 0.59836 0.59544 0.59676 0.58916 0.63488 0.62128 0.61612 0.61752 0.61868 0.61696 0.64792 0.6602 0.64868 0.6668 0.6844 0.65464 0.65784 0.6536 0.66404 0.74588 0.73216 0.73148
-9999 -9999 -9999 -9999 -9999 -9999 -9999 -9999 -9999 0.45768 0.45548 0.46664 0.46952 0.4568 0.46148 0.4584 0.4596 0.45948 0.46128 0.46744 0.45704 0.46532 0.46936 0.46624 0.45916 0.46512 0.46592 0.44944 0.44244 0.50996 0.49728 0.47708 0.46784 0.45888 0.49672 0.49064 0.52312 0.52156 0.57968 0.57352 0.5548 0.54164 0.59124 0.5832 0.578 0.60724 0.61072 0.59984 0.63308 0.59124 0.61892 0.6344 0.63472 0.6316 0.6254 0.6382 0.61324 0.61912 0.63672 0.66672 0.64272 0.64504 0.64744 0.67408 0.63724 0.6952 0.74636 0.748 0.757 0.758
-9999 -9999 -9999 -9999 -9999 -9999 -9999 -9999 -9999 -9999 -9999 0.46152 0.43816 0.46236 0.46084 0.45692 0.45888 0.46232 0.46196 0.45952 0.45536 0.46472 0.46848 0.4582 0.45964 0.45064 0.46756 0.45976 0.44856 0.51668 0.5112 0.48784 0.4728 0.46416 0.49788 0.49568 0.52364 0.536 0.5428 0.57684 0.56092 0.54784 0.53056 0.52696 0.59324 0.57028 0.6054 0.6012 0.5988 0.62888 0.62976 0.62888 0.61764 0.63344 0.63988 0.61376 0.61328 0.64784 0.66132 0.66164 0.68104 0.68224 0.68708 0.69256 0.70128 0.6962 0.71912 0.69408 0.74376 0.74848
-9999 -9999 -9999 -9999 -9999 -9999 -9999 -9999 -9999 -9999 -9999 -9999 -9999 0.46636 0.47624 0.44964 0.47852 0.47796 0.46216 0.47188 0.468 0.4632 0.46692 0.4604 0.44952 0.43904 0.46672 0.45992 0.45 0.4526 0.51388 0.53712 0.4824 0.47284 0.45516 0.49568 0.51492 0.54668 0.54548 0.57568 0.56972 0.54904 0.55028 0.5446 0.5962 0.6182 0.61832 0.60852 0.56288 0.60472 0.59524 0.59568 0.63388 0.63692 0.61528 0.64364 0.64556 0.65712 0.67204 0.67192 0.68652 0.69028 0.69988 0.70092 0.70568 0.7094 0.6946 0.71492 0.74392 0.75548
-9999 -9999 -9999 -9999 -9999 -9999 -9999 -9999 -9999 -9999 -9999 -9999 -9999 -9999 -9999 0.45764 0.4706 0.46652 0.45976 0.45688 0.46744 0.4624 0.4662 0.45252 0.45196 0.44604 0.44508 0.47024 0.44736 0.44904 0.5016 0.51316 0.50052 0.48664 0.47184 0.51376 0.50716 0.54252 0.54684 0.55044 0.60192 0.5604 0.54288 0.5468 0.53348 0.6208 0.62056 0.6094 0.567 0.60812 0.60664 0.60152 0.62804 0.64168 0.62392 0.6504 0.6274 0.63508 0.673 0.6836 0.69324 0.706 0.70864 0.71488 0.71528 0.72104 0.72724 0.72656 0.74624 0.75692
-9999 -9999 -9999 -9999 -9999 -9999 -9999 -9999 -9999 -9999 -9999 -9999 -9999 -9999 -9999 -9999 -9999 0.46372 0.46412 0.4572 0.46444 0.46616 0.45772 0.449 0.44548 0.43012 0.43684 0.43496 0.44796 0.44884 0.45128 0.51152 0.47836 0.50012 0.48372 0.5004 0.54628 0.54556 0.54492 0.54604 0.53776 0.60112 0.59112 0.58972 0.58028 0.54228 0.59056 0.61516 0.5714 0.61736 0.61012 0.60924 0.61736 0.62436 0.6388 0.65376 0.65304 0.68312 0.70264 0.68916 0.67476 0.65724 0.6914 0.69516 0.6992 0.73572 0.7336 0.7352 0.757 0.76056
-9999 -9999 -9999 -9999 -9999 -9999 -9999 -9999 -9999 -9999 -9999 -9999 -9999 -9999 -9999 -9999 -9999 -9999 -9999 -9999 0.45944 0.46324 0.45308 0.45004 0.43408 0.43044 0.4386 0.4416 0.45628 0.45244 0.44308 0.50376 0.50116 0.485 0.51904 0.543 0.50608 0.54272 0.58072 0.5434 0.54188 0.53924 0.6138 0.58624 0.59432 0.58356 0.58896 0.58864 0.58328 0.62192 0.62588 0.6064 0.62116 0.64992 0.616 0.65756 0.654 0.69228 0.65736 0.69192 0.689 0.689 0.69556 0.69984 0.73888 0.74456 0.73736 0.73944 0.76084 0.76264
-9999 -9999 -9999 -9999 -9999 -9999 -9999 -9999 -9999 -9999 -9999 -9999 -9999 -9999 -9999 -9999 -9999 -9999 -9999 -9999 -9999 -9999 0.4566 0.44896 0.4346 0.42352 0.43376 0.42828 0.46764 0.45316 0.45124 0.46792 0.49704 0.50396 0.5334 0.49996 0.504 0.50428 0.58568 0.57484 0.55168 0.56872 0.56988 0.53772 0.58912 0.60116 0.60112 0.62784 0.6248 0.62116 0.60544 0.63728 0.63 0.64056 0.67036 0.66172 0.6852 0.68276 0.68548 0.66656 0.7048 0.69528 0.69444 0.74104 0.7472 0.74856 0.73392 0.73556 0.75644 0.7564
-9999 -9999 -9999 -9999 -9999 -9999 -9999 -9999 -9999 -9999 -9999 -9999 -9999 -9999 -9999 -9999 -9999 -9999 -9999 -9999 -9999 -9999 -9999 -9999 -9999 0.45756 0.44332 0.43512 0.4788 0.4646 0.45084 0.4692 0.50212 0.50752 0.54032 0.57236 0.51536 0.50512 0.54476 0.59504 0.59576 0.59032 0.58628 0.57056 0.54384 0.60156 0.61268 0.63896 0.64096 0.64004 0.62788 0.622 0.63276 0.66952 0.66304 0.67072 0.67032 0.67132 0.6932 0.69984 0.71256 0.7082 0.71076 0.73856 0.73944 0.74072 0.747 0.74248 0.74628 0.75204
-9999 -9999 -9999 -9999 -9999 -9999 -9999 -9999 -9999 -9999 -9999 -9999 -9999 -9999 -9999 -9999 -9999 -9999 -9999 -9999 -9999 -9999 -9999 -9999 -9999 -9999 -9999 -9999 0.48472 0.51664 0.47576 0.4796 0.50184 0.50396 0.49612 0.52888 0.6124 0.5218 0.54888 0.6138 0.60476 0.60244 0.59084 0.58044 0.56692 0.56948 0.6204 0.64264 0.6454 0.65424 0.6516 0.62948 0.63176 0.67024 0.67636 0.677 0.68392 0.68312 0.69844 0.7082 0.72164 0.7258 0.71868 0.70976 0.7328 0.73844 0.74216 0.7422 0.75264 0.75332
-9999 -9999 -9999 -9999 -9999 -9999 -9999 -9999 -9999 -9999 -9999 -9999 -9999 -9999 -9999 -9999 -9999 -9999 -9999 -9999 -9999 -9999 -9999 -9999 -9999 -9999 -9999 -9999 -9999 -9999 -9999 0.47904 0.50032 0.54508 0.54176 0.50072 0.5762 0.5888 0.58244 0.58104 0.62216 0.61156 0.60004 0.60332 0.58096 0.5844 0.57436 0.56996 0.65444 0.65928 0.6564 0.63508 0.64728 0.64696 0.65304 0.65568 0.68824 0.68488 0.70396 0.70708 0.72152 0.72208 0.7266 0.7306 0.73068 0.73648 0.73928 0.73908 -9999 -9999
-9999 -9999 -9999 -9999 -9999 -9999 -9999 -9999 -9999 -9999 -9999 -9999 -9999 -9999 -9999 -9999 -9999 -9999 -9999 -9999 -9999 -9999 -9999 -9999 -9999 -9999 -9999 -9999 -9999 -9999 -9999 -9999 -9999 -9999 0.5454 0.53224 0.50856 0.58872 0.57428 0.57092 0.5694 0.60288 0.6106 0.60024 0.5896 0.58588 0.589 0.57316 0.61988 0.66024 0.65808 0.65312 0.6406 0.65004 0.65224 0.65268 0.64824 0.69432 0.70636 0.70828 0.72124 0.72328 0.72572 0.7282 0.72456 0.7194 -9999 -9999 -9999 -9999
-9999 -9999 -9999 -9999 -9999 -9999 -9999 -9999 -9999 -9999 -9999 -9999 -9999 -9999 -9999 -9999 -9999 -9999 -9999 -9999 -9999 -9999 -9999 -9999 -9999 -9999 -9999 -9999 -9999 -9999 -9999 -9999 -9999 -9999 -9999 -9999 0.55112 0.55716 0.58392 0.57544 0.57556 0.6116 0.60932 0.59972 0.6006 0.61096 0.58168 0.57192 0.62216 0.62416 0.66692 0.67688 0.68216 0.68204 0.68444 0.66316 0.66284 0.65356 0.70284 0.70648 0.71848 0.71948 0.72092 0.72564 0.72388 -9999 -9999 -9999 -9999 -9999
-9999 -9999 -9999 -9999 -9999 -9999 -9999 -9999 -9999 -9999 -9999 -9999 -9999 -9999 -9999 -9999 -9999 -9999 -9999 -9999 -9999 -9999 -9999 -9999 -9999 -9999 -9999 -9999 -9999 -9999 -9999 -9999 -9999 -9999 -9999 -9999 -9999 -9999 -9999 0.58696 0.58052 0.5714 0.61624 0.56524 0.5968 0.58628 0.61508 0.60792 0.64724 0.6264 0.63392 0.67684 0.67772 0.6844 0.6878 0.6908 0.6608 0.65404 0.647 0.70592 0.70692 0.71568 0.7164 -9999 -9999 -9999 -9999 -9999 -9999 -9999
-9999 -9999 -9999 -9999 -9999 -9999 -9999 -9999 -9999 -9999 -9999 -9999 -9999 -9999 -9999 -9999 -9999 -9999 -9999 -9999 -9999 -9999 -9999 -9999 -9999 -9999 -9999 -9999 -9999 -9999 -9999 -9999 -9999 -9999 -9999 -9999 -9999 -9999 -9999 -9999 -9999 -9999 0.5784 0.60676 0.58808 0.59928 0.6236 0.61792 0.65192 0.6492 0.65728 0.65436 0.66388 0.68988 0.691 0.69196 0.6926 0.68928 0.6554 0.64644 0.70316 -9999 -9999 -9999 -9999 -9999 -9999 -9999 -9999 -9999
-9999 -9999 -9999 -9999 -9999 -9999 -9999 -9999 -9999 -9999 -9999 -9999 -9999 -9999 -9999 -9999 -9999 -9999 -9999 -9999 -9999 -9999 -9999 -9999 -9999 -9999 -9999 -9999 -9999 -9999 -9999 -9999 -9999 -9999 -9999 -9999 -9999 -9999 -9999 -9999 -9999 -9999 -9999 -9999 -9999 0.63632 0.63636 0.62924 0.60396 0.6168 0.66148 0.66688 0.63596 0.63684 0.69072 0.69184 0.691 0.68708 0.68656 -9999 -9999 -9999 -9999 -9999 -9999 -9999 -9999 -9999 -9999 -9999
-9999 -9999 -9999 -9999 -9999 -9999 -9999 -9999 -9999 -9999 -9999 -9999 -9999 -9999 -9999 -9999 -9999 -9999 -9999 -9999 -9999 -9999 -9999 -9999 -9999 -9999 -9999 -9999 -9999 -9999 -9999 -9999 -9999 -9999 -9999 -9999 -9999 -9999 -9999 -9999 -9999 -9999 -9999 -9999 -9999 -9999 -9999 0.63208 0.6308 0.62588 0.62692 0.62868 0.68432 0.65676 0.68692 0.69036 0.69208 0.6902 -9999 -9999 -9999 -9999 -9999 -9999 -9999 -9999 -9999 -9999 -9999 -9999
-9999 -9999 -9999 -9999 -9999 -9999 -9999 -9999 -9999 -9999 -9999 -9999 -9999 -9999 -9999 -9999 -9999 -9999 -9999 -9999 -9999 -9999 -9999 -9999 -9999 -9999 -9999 -9999 -9999 -9999 -9999 -9999 -9999 -9999 -9999 -9999 -9999 -9999 -9999 -9999 -9999 -9999 -9999 -9999 -9999 -9999 -9999 -9999 -9999 -9999 0.62832 0.62836 0.61712 0.66284 0.68812 0.68644 -9999 -9999 -9999 -9999 -9999 -9999 -9999 -9999 -9999 -9999 -9999 -9999 -9999 -9999
-9999 -9999 -9999 -9999 -9999 -9999 -9999 -9999 -9999 -9999 -9999 -9999 -9999 -9999 -9999 -9999 -9999 -9999 -9999 -9999 -9999 -9999 -9999 -9999 -9999 -9999 -9999 -9999 -9999 -9999 -9999 -9999 -9999 -9999 -9999 -9999 -9999 -9999 -9999 -9999 -9999 -9999 -9999 -9999 -9999 -9999 -9999 -9999 -9999 -9999 -9999 -9999 0.62196 0.66144 -9999 -9999 -9999 -9999 -9999 -9999 -9999 -9999 -9999 -9999 -9999 -9999 -9999 -9999 -9999 -9999
-9999 -9999 -9999 -9999 -9999 -9999 -9999 -9999 -9999 -9999 -9999 -9999 -9999 -9999 -9999 -9999 -9999 -9999 -9999 -9999 -9999 -9999 -9999 -9999 -9999 -9999 -9999 -9999 -9999 -9999 -9999 -9999 -9999 -9999 -9999 -9999 -9999 -9999 -9999 -9999 -9999 -9999 -9999 -9999 -9999 -9999 -9999 -9999 -9999 -9999 -9999 -9999 -9999 -9999 -9999 -9999 -9999 -9999 -9999 -9999 -9999 -9999 -9999 -9999 -9999 -9999 -9999 -9999 -9999 -9999
-9999 -9999 -9999 -9999 -9999 -9999 -9999 -9999 -9999 -9999 -9999 -9999 -9999 -9999 -9999 -9999 -9999 -9999 -9999 -9999 -9999 -9999 -9999 -9999 -9999 -9999 -9999 -9999 -9999 -9999 -9999 -9999 -9999 -9999 -9999 -9999 -9999 -9999 -9999 -9999 -9999 -9999 -9999 -9999 -9999 -9999 -9999 -9999 -9999 -9999 -9999 -9999 -9999 -9999 -9999 -9999 -9999 -9999 -9999 -9999 -9999 -9999 -9999 -9999 -9999 -9999 -9999 -9999 -9999 -9999
-9999 -9999 -9999 -9999 -9999 -9999 -9999 -9999 -9999 -9999 -9999 -9999 -9999 -9999 -9999 -9999 -9999 -9999 -9999 -9999 -9999 -9999 -9999 -9999 -9999 -9999 -9999 -9999 -9999 -9999 -9999 -9999 -9999 -9999 -9999 -9999 -9999 -9999 -9999 -9999 -9999 -9999 -9999 -9999 -9999 -9999 -9999 -9999 -9999 -9999 -9999 -9999 -9999 -9999 -9999 -9999 -9999 -9999 -9999 -9999 -9999 -9999 -9999 -9999 -9999 -9999 -9999 -9999 -9999 -9999
-9999 -9999 -9999 -9999 -9999 -9999 -9999 -9999 -9999 -9999 -9999 -9999 -9999 -9999 -9999 -9999 -9999 -9999 -9999 -9999 -9999 -9999 -9999 -9999 -9999 -9999 -9999 -9999 -9999 -9999 -9999 -9999 -9999 -9999 -9999 -9999 -9999 -9999 -9999 -9999 -9999 -9999 -9999 -9999 -9999 -9999 -9999 -9999 -9999 -9999 -9999 -9999 -9999 -9999 -9999 -9999 -9999 -9999 -9999 -9999 -9999 -9999 -9999 -9999 -9999 -9999 -9999 -9999 -9999 -9999
-9999 -9999 -9999 -9999 -9999 -9999 -9999 -9999 -9999 -9999 -9999 -9999 -9999 -9999 -9999 -9999 -9999 -9999 -9999 -9999 -9999 -9999 -9999 -9999 -9999 -9999 -9999 -9999 -9999 -9999 -9999 -9999 -9999 -9999 -9999 -9999 -9999 -9999 -9999 -9999 -9999 -9999 -9999 -9999 -9999 -9999 -9999 -9999 -9999 -9999 -9999 -9999 -9999 -9999 -9999 -9999 -9999 -9999 -9999 -9999 -9999 -9999 -9999 -9999 -9999 -9999 -9999 -9999 -9999 -9999
-9999 -9999 -9999 -9999 -9999 -9999 -9999 -9999 -9999 -9999 -9999 -9999 -9999 -9999 -9999 -9999 -9999 -9999 -9999 -9999 -9999 -9999 -9999 -9999 -9999 -9999 -9999 -9999 -9999 -9999 -9999 -9999 -9999 -9999 -9999 -9999 -9999 -9999 -9999 -9999 -9999 -9999 -9999 -9999 -9999 -9999 -9999 -9999 -9999 -9999 -9999 -9999 -9999 -9999 -9999 -9999 -9999 -9999 -9999 -9999 -9999 -9999 -9999 -9999 -9999 -9999 -9999 -9999 -9999 -9999
