rf/output/run1/results/raw/2050s/RF_3Unc_2050s.asc
NCOLS 683 
NROWS 518 
XLLCORNER -87.691661853 
YLLCORNER 10.708337021 
CELLSIZE 0.00833333376866763 
NODATA_value -9999 
[rows 403 to 433 of 518, columns 350 to 419 of 683]
0.80428 0.8042 0.72396 0.7226 0.71876 0.7268 0.73176 0.7196 0.72528 0.72016 0.72464 0.72576 0.71316 0.70372 0.69724 0.69296 0.69512 0.682 0.67236 0.6652 0.6646 0.64868 0.61564 0.60504 0.59888 0.57044 0.57632 0.56536 0.55008 0.54328 0.53716 0.5474 0.54124 0.51508 0.51832 0.49468 0.4928 0.47176 0.4584 0.45128 0.4336 0.41468 0.40136 0.365 0.33956 0.36908 0.3918 0.42536 0.44528 0.4944 0.51916 0.54536 0.6556 0.64888 0.60364 0.58364 0.64656 0.68912 0.6502 0.64272 0.6364 0.67228 0.67592 0.67888 0.6698 0.6632 0.657 0.66416 0.66108 0.6584
0.80456 0.80504 0.80508 0.7258 0.72828 0.73592 0.7312 0.73016 0.7276 0.72736 0.73852 0.73136 0.72712 0.71196 0.706 0.70544 0.71068 0.6764 0.67424 0.6862 0.66932 0.6486 0.6446 0.63548 0.61568 0.58644 0.59744 0.5862 0.57496 0.5768 0.55292 0.55548 0.54868 0.5364 0.52456 0.514 0.49468 0.47728 0.46936 0.46168 0.4482 0.43408 0.41468 0.38712 0.34584 0.36756 0.373 0.46284 0.45268 0.47836 0.52512 0.56284 0.56468 0.5902 0.63932 0.6972 0.71564 0.68232 0.65084 0.61768 0.65796 0.66444 0.66824 0.659 0.66272 0.664 0.66312 0.663 0.66156 0.65912
0.80412 0.80528 0.72712 0.73464 0.73172 0.7368 0.73976 0.734 0.74116 0.74716 0.73584 0.73836 0.72284 0.71668 0.72984 0.73132 0.72468 0.689 0.70416 0.70308 0.68256 0.67248 0.66604 0.65768 0.64256 0.62028 0.61204 0.60804 0.5838 0.50872 0.51612 0.5628 0.54232 0.52876 0.54272 0.50048 0.48348 0.50044 0.4962 0.47836 0.46164 0.42404 0.42284 0.39316 0.36352 0.36616 0.36776 0.4336 0.47452 0.5818 0.58188 0.61684 0.58756 0.56348 0.56804 0.64244 0.67344 0.59576 0.58168 0.6016 0.61572 0.63604 0.64188 0.6524 0.65144 0.6624 0.66512 0.66536 0.65936 0.6624
0.802 0.80176 0.80996 0.81028 0.81576 0.73144 0.73264 0.74864 0.74648 0.75232 0.7486 0.7524 0.73652 0.74172 0.72876 0.7344 0.73244 0.71776 0.69868 0.72156 0.68004 0.66452 0.69404 0.67096 0.64928 0.63508 0.62916 0.60836 0.59348 0.57336 0.5306 0.50576 0.53716 0.55424 0.52068 0.48972 0.4776 0.51008 0.49604 0.48304 0.45608 0.41476 0.33676 0.37376 0.38876 0.32988 0.4392 0.66692 0.73696 0.71652 0.65344 0.66716 0.5264 0.55352 0.54164 0.52328 0.52756 0.59388 0.5822 0.6064 0.6132 0.63336 0.64436 0.65148 0.65272 0.66348 0.66588 0.66488 0.65588 0.66224
0.80188 0.8098 0.80772 0.72736 0.80312 0.7302 0.73116 0.7418 0.74904 0.75064 0.7522 0.73788 0.75476 0.72368 0.74344 0.75276 0.73556 0.7306 0.73828 0.72116 0.71992 0.6896 0.66252 0.67692 0.65768 0.65228 0.62908 0.62776 0.61168 0.58344 0.56584 0.5648 0.57024 0.52736 0.55652 0.53372 0.5222 0.49728 0.45988 0.47684 0.45416 0.39648 0.36308 0.39432 0.36372 0.33744 0.3836 0.76168 0.57864 0.58248 0.7052 0.60856 0.57448 0.48828 0.49252 0.54 0.59756 0.64968 0.62184 0.59672 0.6012 0.62116 0.63148 0.65348 0.65656 0.66248 0.66684 0.66648 0.66308 0.66236
0.79868 0.80124 0.8002 0.72404 0.81316 0.74204 0.759 0.76172 0.76784 0.76912 0.75968 0.75388 0.75604 0.75164 0.76116 0.75416 0.74052 0.73652 0.74468 0.70424 0.68704 0.67 0.67432 0.68548 0.6694 0.66036 0.63996 0.63716 0.6266 0.58268 0.57848 0.54404 0.5726 0.56596 0.56784 0.55804 0.55812 0.55372 0.49952 0.45556 0.4352 0.489 0.45524 0.42356 0.40888 0.37104 0.39596 0.70752 0.66684 0.54208 0.6054 0.45816 0.52652 0.48016 0.50752 0.53248 0.56724 0.62216 0.5918 0.59532 0.61876 0.63424 0.6464 0.65568 0.65792 0.66384 0.66592 0.66616 0.65968 0.65776
0.80188 0.80308 0.80088 0.79924 0.73564 0.75816 0.76064 0.76028 0.77044 0.77088 0.77196 0.76232 0.7476 0.76052 0.75324 0.73928 0.73428 0.73336 0.727 0.71884 0.72052 0.73032 0.68572 0.6798 0.67244 0.66968 0.61004 0.59192 0.58204 0.59268 0.55148 0.58792 0.56996 0.61244 0.57612 0.55256 0.56044 0.51716 0.54524 0.44956 0.50216 0.50496 0.4714 0.39776 0.3868 0.65364 0.7446 0.73744 0.72312 0.69996 0.47528 0.43304 0.46872 0.47596 0.47676 0.50592 0.5582 0.56584 0.56632 0.5782 0.62236 0.63828 0.64856 0.65688 0.66332 0.66432 0.66512 0.66588 0.65936 0.66292
0.79776 0.79912 0.80624 0.80556 0.8282 0.73848 0.74416 0.7406 0.7648 0.77284 0.76548 0.7592 0.7656 0.73636 0.76676 0.75632 0.74028 0.73436 0.72 0.71204 0.73988 0.74664 0.69604 0.6516 0.68852 0.66736 0.64632 0.61724 0.593 0.6094 0.5298 0.56876 0.6026 0.5654 0.58364 0.54692 0.58928 0.5522 0.55048 0.54212 0.53644 0.51252 0.46916 0.4432 0.34652 0.61796 0.75224 0.58496 0.43712 0.37996 0.37796 0.38536 0.4364 0.43132 0.46172 0.50736 0.50592 0.53108 0.59144 0.61136 0.63652 0.65704 0.66744 0.68148 0.67888 0.678 0.668 0.66704 0.66652 0.65728
0.80144 0.79908 0.79664 0.79784 0.80888 0.79976 0.72352 0.72808 0.74904 0.74852 0.76596 0.743 0.75008 0.76312 0.73516 0.76568 0.74808 0.74452 0.73056 0.71372 0.73864 0.72048 0.70824 0.67508 0.67036 0.65588 0.5558 0.55908 0.5498 0.5822 0.53872 0.5564 0.51708 0.53824 0.581 0.5298 0.51732 0.50032 0.54256 0.50956 0.51416 0.49848 0.50932 0.4546 0.70328 0.67412 0.69432 0.56508 0.41088 0.32344 0.33132 0.34364 0.40212 0.41668 0.4688 0.50104 0.575 0.61084 0.64796 0.63532 0.67796 0.68472 0.66688 0.67224 0.68212 0.67576 0.66924 0.66956 0.66812 0.66324
0.80572 0.7336 0.72932 0.7954 0.79364 0.79392 0.7164 0.71856 0.82728 0.74024 0.7478 0.7162 0.7552 0.75036 0.76428 0.75508 0.7416 0.7254 0.74696 0.70976 0.67212 0.69408 0.71928 0.68476 0.66832 0.63356 0.625 0.6674 0.65292 0.63748 0.61204 0.568 0.46644 0.50288 0.55436 0.47272 0.55232 0.54536 0.4976 0.48912 0.5174 0.52604 0.5228 0.45884 0.39112 0.45064 0.41164 0.39752 0.37696 0.34792 0.32352 0.33716 0.36748 0.41148 0.4658 0.52072 0.59088 0.61484 0.66564 0.68868 0.69364 0.69748 0.69576 0.67016 0.68076 0.66188 0.67204 0.68144 0.67976 0.665
0.81452 0.80436 0.80336 0.80312 0.78956 0.79052 0.72168 0.7854 0.71244 0.73552 0.78952 0.72908 0.74712 0.71408 0.72988 0.68436 0.7436 0.69496 0.65396 0.66044 0.6204 0.69 0.7024 0.69404 0.66964 0.6598 0.63012 0.64936 0.67704 0.61548 0.6298 0.59876 0.5624 0.63116 0.57868 0.59324 0.56068 0.56036 0.5548 0.50012 0.52556 0.53436 0.52076 0.4816 0.4746 0.4648 0.4288 0.40344 0.40328 0.3772 0.33744 0.33108 0.35744 0.42556 0.48196 0.50244 0.55972 0.61804 0.63396 0.73168 0.72564 0.69788 0.69688 0.67644 0.67416 0.66464 0.66588 0.68116 0.67244 0.67232
0.79704 0.78092 0.78424 0.78276 0.79112 0.77964 0.78652 0.7836 0.77504 0.7044 0.6988 0.71256 0.75116 0.75812 0.67564 0.66376 0.64604 0.63864 0.69172 0.65528 0.63636 0.69104 0.72624 0.7038 0.70184 0.62824 0.68468 0.68456 0.67176 0.6684 0.63456 0.61224 0.6174 0.61612 0.62988 0.59888 0.56212 0.57032 0.56896 0.52328 0.55164 0.5404 0.5342 0.5286 0.50284 0.47436 0.45512 0.42848 0.41132 0.37344 0.32572 0.33716 0.38116 0.4512 0.48592 0.49848 0.52384 0.54116 0.63676 0.7142 0.69928 0.68724 0.69536 0.68264 0.65852 0.67028 0.6734 0.67492 0.67248 0.66928
0.76156 0.78 0.78312 0.78332 0.78296 0.78344 0.78272 0.70148 0.77272 0.76748 0.68676 0.68492 0.67668 0.6606 0.7322 0.65688 0.64788 0.63876 0.623 0.61416 0.63784 0.64012 0.6398 0.61892 0.65356 0.67176 0.65904 0.65136 0.63912 0.65564 0.64572 0.66308 0.65504 0.62408 0.6186 0.60316 0.6134 0.60348 0.57988 0.56204 0.53504 0.54308 0.53672 0.53236 0.50796 0.49488 0.46068 0.43512 0.41588 0.39104 0.32572 0.3804 0.48952 0.50748 0.48164 0.47344 0.48348 0.53504 0.62656 0.68804 0.671 0.67172 0.65748 0.66028 0.66744 0.66272 0.6718 0.67788 0.67224 0.66948
0.7766 0.79568 0.799 0.78576 0.786 0.79648 0.78212 0.77868 0.71304 0.6932 0.68496 0.6814 0.74544 0.65184 0.72052 0.65116 0.63572 0.61596 0.6118 0.60228 0.601 0.5944 0.57248 0.5818 0.5902 0.596 0.58884 0.6308 0.60916 0.6524 0.64588 0.65768 0.64712 0.63252 0.62632 0.61612 0.60408 0.5854 0.58964 0.56732 0.55068 0.54444 0.53776 0.52816 0.51064 0.49288 0.46368 0.4414 0.41768 0.3924 0.34768 0.40888 0.5124 0.49544 0.456 0.4914 0.47348 0.54948 0.58296 0.64748 0.66764 0.68664 0.66788 0.67744 0.6754 0.6666 0.67136 0.67104 0.67704 0.67068
0.77928 0.78844 0.79928 0.72256 0.78956 0.79284 0.78356 0.70408 0.7668 0.70628 0.74788 0.742 0.72848 0.6624 0.6528 0.63664 0.63344 0.63156 0.61344 0.599 0.60012 0.5926 0.58256 0.70456 0.56556 0.5696 0.58204 0.5956 0.63888 0.609 0.64124 0.64368 0.65196 0.62452 0.58348 0.60224 0.5912 0.59936 0.58412 0.57728 0.56876 0.5584 0.54256 0.52992 0.51948 0.49528 0.47456 0.44512 0.42172 0.39476 0.35308 0.36796 0.39708 0.40492 0.49368 0.51112 0.47608 0.5034 0.56024 0.63532 0.63164 0.67396 0.66704 0.68252 0.68924 0.67384 0.67176 0.66564 0.67 0.6666
0.77428 0.77704 0.78636 0.78372 0.79536 0.78832 0.73276 0.71628 0.7718 0.7716 0.68744 0.66716 0.70812 0.65292 0.68936 0.69068 0.67584 0.61032 0.60416 0.61288 0.60076 0.592 0.58624 0.58268 0.55908 0.5666 0.60324 0.59468 0.64416 0.65416 0.63088 0.62948 0.65164 0.63232 0.61736 0.61408 0.60816 0.59104 0.58608 0.57228 0.56628 0.55528 0.54848 0.52988 0.51232 0.49324 0.4726 0.44296 0.42268 0.40436 0.36496 0.32344 0.3232 0.39696 0.49612 0.46448 0.47248 0.48572 0.51604 0.58576 0.60972 0.63704 0.64704 0.67832 0.67536 0.68344 0.67424 0.67056 0.669 0.67084
0.78488 0.78648 0.78188 0.7846 0.77924 0.71656 0.77372 0.73124 0.69644 0.70428 0.6902 0.72964 0.708 0.6526 0.6424 0.67928 0.62512 0.617 0.60056 0.59568 0.59984 0.58764 0.58652 0.5772 0.57376 0.5698 0.5846 0.61268 0.63312 0.63608 0.62736 0.64032 0.64836 0.63264 0.63332 0.60236 0.61156 0.59612 0.5862 0.5824 0.56596 0.5504 0.54428 0.52292 0.51276 0.49256 0.46908 0.44408 0.42384 0.40592 0.37704 0.34804 0.31884 0.37896 0.41856 0.48044 0.49016 0.49568 0.50264 0.553 0.57664 0.61968 0.64268 0.68496 0.68724 0.69088 0.67472 0.66872 0.67044 0.67076
0.78464 0.7818 0.78368 0.78032 0.79424 0.77696 0.76836 0.77208 0.71316 0.72796 0.7116 0.6746 0.659 0.70844 0.69176 0.69112 0.6134 0.615 0.62508 0.6462 0.60188 0.58068 0.57508 0.57772 0.59392 0.64228 0.6126 0.60384 0.59776 0.61132 0.62748 0.63676 0.6464 0.62816 0.64284 0.62192 0.61928 0.5994 0.59132 0.57176 0.55924 0.55532 0.53976 0.53552 0.52116 0.49804 0.4762 0.449 0.4278 0.40404 0.35416 0.33796 0.32224 0.3508 0.40656 0.46968 0.46912 0.48516 0.52716 0.57572 0.58972 0.6156 0.62156 0.65732 0.68204 0.68204 0.67924 0.67496 0.67064 0.66932
0.785 0.78088 0.78704 0.7844 0.77972 0.77236 0.76788 0.76724 0.78648 0.688 0.74852 0.73496 0.66472 0.72924 0.63508 0.68952 0.65424 0.67368 0.70208 0.64388 0.58612 0.60068 0.58872 0.61708 0.60652 0.64392 0.61616 0.61168 0.60216 0.60648 0.62896 0.63084 0.6388 0.63132 0.62424 0.61344 0.59936 0.59124 0.58468 0.56892 0.56476 0.5522 0.54216 0.53416 0.519 0.50448 0.4776 0.45112 0.43116 0.40416 0.37924 0.352 0.32544 0.34728 0.39128 0.42188 0.45824 0.48792 0.5686 0.63056 0.6 0.63288 0.64276 0.6494 0.66872 0.67544 0.67044 0.67496 0.66636 0.66992
0.78452 0.79292 0.78944 0.77692 0.7772 0.77452 0.76704 0.76192 0.75316 0.74792 0.67648 0.73096 0.72416 0.71544 0.67056 0.64728 0.6534 0.66616 0.61488 0.65932 0.64672 0.61832 0.58768 0.63264 0.59868 0.65852 0.62 0.6034 0.61828 0.62928 0.6426 0.62808 0.62516 0.633 0.61856 0.62632 0.60332 0.59964 0.59036 0.57248 0.56132 0.55552 0.54704 0.53452 0.51632 0.49984 0.47584 0.45084 0.4314 0.40616 0.38304 0.35736 0.33332 0.32964 0.36896 0.42004 0.45384 0.50432 0.5912 0.61436 0.61904 0.60324 0.64948 0.65324 0.65428 0.67 0.67588 0.67676 0.66808 0.672
0.7834 0.78592 0.78776 0.78016 0.77248 0.77264 0.766 0.75744 0.75308 0.74012 0.74352 0.7252 0.71416 0.66964 0.64912 0.67932 0.64616 0.61884 0.6442 0.70192 0.627 0.606 0.60412 0.59844 0.6024 0.63172 0.66404 0.65392 0.64008 0.64188 0.6342 0.633 0.6364 0.6332 0.61496 0.61072 0.60364 0.59068 0.58036 0.55972 0.55476 0.55144 0.54388 0.53308 0.51284 0.49972 0.47152 0.44748 0.43192 0.40136 0.3824 0.35748 0.32276 0.34124 0.39036 0.41868 0.45368 0.5076 0.53868 0.59932 0.616 0.63992 0.67236 0.67272 0.6858 0.68668 0.68924 0.6752 0.6714 0.66744
0.7836 0.78348 0.78356 0.78168 0.77536 0.76692 0.76276 0.75736 0.75272 0.74832 0.74492 0.7358 0.72524 0.70572 0.70156 0.6352 0.62868 0.696 0.70956 0.70356 0.64904 0.61156 0.62828 0.60224 0.6592 0.67496 0.668 0.6512 0.64476 0.64676 0.62828 0.6378 0.63196 0.6296 0.61912 0.60712 0.61184 0.5832 0.58076 0.57528 0.56092 0.5512 0.54724 0.53408 0.52248 0.50156 0.4714 0.44616 0.42468 0.40204 0.3808 0.35076 0.33376 0.36384 0.38884 0.45528 0.48224 0.49936 0.53148 0.58584 0.64664 0.69348 0.701 0.69744 0.67912 0.68296 0.68268 0.6774 0.67632 0.67676
0.784 0.78312 0.77636 0.78408 0.77944 0.76916 0.76864 0.75736 0.75144 0.74872 0.74444 0.73548 0.7314 0.65568 0.711 0.64332 0.75216 0.73668 0.6372 0.64364 0.72228 0.68552 0.6146 0.61764 0.69248 0.67368 0.66984 0.66432 0.66084 0.64572 0.65196 0.6452 0.634 0.61528 0.62244 0.60996 0.59124 0.58728 0.57868 0.56964 0.56136 0.54952 0.54108 0.53492 0.51984 0.49792 0.47324 0.45032 0.42508 0.40652 0.3738 0.3322 0.35744 0.35984 0.41756 0.45804 0.4852 0.52 0.5808 0.5918 0.67112 0.68564 0.70212 0.69416 0.69116 0.68972 0.67944 0.67724 0.67572 0.67012
0.78776 0.7864 0.78692 0.78256 0.777 0.77264 0.77068 0.75816 0.7562 0.75896 0.74352 0.73992 0.73104 0.7228 0.65512 0.71432 0.643 0.70976 0.62884 0.63944 0.65828 0.69792 0.6916 0.68404 0.67552 0.66576 0.66564 0.67124 0.65752 0.64328 0.64212 0.63136 0.63112 0.6262 0.60392 0.5928 0.59336 0.57612 0.57216 0.56256 0.56096 0.54992 0.53956 0.5336 0.51476 0.4956 0.47128 0.44712 0.42312 0.40224 0.37556 0.33736 0.33284 0.36728 0.41668 0.45512 0.50256 0.57164 0.59948 0.65188 0.67032 0.68 0.66948 0.68692 0.69304 0.68036 0.692 0.67576 0.67576 0.66696
0.78828 0.78736 0.78292 0.78328 0.78808 0.7854 0.77328 0.77116 0.7666 0.76024 0.74936 0.74124 0.7328 0.66584 0.73096 0.72604 0.67652 0.69076 0.627 0.62192 0.6326 0.63692 0.68324 0.69132 0.67452 0.66104 0.67052 0.63984 0.64356 0.63332 0.6342 0.64092 0.61388 0.61552 0.59728 0.5956 0.58796 0.57544 0.56984 0.55844 0.5324 0.53584 0.54208 0.53468 0.51288 0.4878 0.46796 0.44184 0.37328 0.40232 0.37376 0.33696 0.35164 0.384 0.4298 0.47564 0.59776 0.64684 0.6412 0.64376 0.64848 0.63224 0.671 0.68348 0.67532 0.68428 0.68492 0.67656 0.67752 0.67268
0.78848 0.78168 0.78416 0.7836 0.78284 0.78608 0.7742 0.76456 0.76576 0.7636 0.7574 0.6818 0.68176 0.73668 0.72504 0.80272 0.72756 0.70292 0.65188 0.64348 0.63192 0.61688 0.6264 0.63084 0.62244 0.64572 0.6464 0.60328 0.643 0.6502 0.63708 0.6192 0.60024 0.59536 0.59848 0.59232 0.57756 0.57536 0.57 0.54776 0.52356 0.52636 0.51656 0.51628 0.50728 0.48692 0.46392 0.42288 0.41824 0.39356 0.36712 0.3254 0.3726 0.50828 0.55704 0.60616 0.65036 0.69212 0.68684 0.63476 0.63752 0.64208 0.65724 0.66156 0.67084 0.68116 0.683 0.68032 0.67884 0.67084
0.78588 0.78796 0.78696 0.78772 0.78196 0.78028 0.78388 0.78048 0.79756 0.7786 0.79048 0.7558 0.67796 0.74176 0.76456 0.78672 0.77272 0.68208 0.76716 0.63488 0.63276 0.66544 0.63316 0.62544 0.63576 0.66376 0.66304 0.65452 0.65568 0.64856 0.623 0.57044 0.53752 0.58752 0.59344 0.5882 0.56748 0.5618 0.55884 0.54684 0.5156 0.41008 0.50732 0.49808 0.497 0.48556 0.4544 0.43096 0.4018 0.36212 0.41444 0.38844 0.43356 0.55416 0.57488 0.61952 0.65776 0.6434 0.65256 0.6646 0.65044 0.64828 0.65124 0.66424 0.66776 0.67204 0.67836 0.67944 0.67956 0.65676
0.7852 0.78676 0.78852 0.79984 0.78276 0.77828 0.79392 0.7864 0.77452 0.70364 0.761 0.75088 0.67876 0.66764 0.75904 0.742 0.74704 0.68672 0.70544 0.67136 0.67592 0.65628 0.64384 0.64284 0.63512 0.64456 0.6426 0.64492 0.65132 0.64548 0.63208 0.60572 0.58748 0.57508 0.58004 0.58836 0.56432 0.55868 0.5576 0.5506 0.53388 0.48836 0.44264 0.50672 0.48852 0.47508 0.43832 0.40744 0.39548 0.35868 0.4716 0.55884 0.60124 0.56204 0.5974 0.58444 0.61032 0.60412 0.58452 0.61928 0.64632 0.64088 0.64692 0.65704 0.67172 0.67732 0.68184 0.68212 0.68112 0.67276
0.79624 0.79652 0.79176 0.79924 0.80464 0.80004 0.77824 0.76812 0.76484 0.76256 0.75076 0.74732 0.67864 0.74456 0.74416 0.74252 0.74324 0.76612 0.71216 0.75244 0.64844 0.65076 0.64468 0.64144 0.64452 0.64688 0.63884 0.65308 0.64596 0.64208 0.62788 0.6244 0.61788 0.57612 0.57568 0.54024 0.55548 0.5534 0.54792 0.55048 0.53032 0.50116 0.44288 0.42032 0.47056 0.46128 0.44668 0.42148 0.34808 0.40444 0.5836 0.69588 0.64676 0.60964 0.61308 0.57916 0.60324 0.62868 0.60712 0.60348 0.63864 0.64636 0.6468 0.66048 0.67456 0.67696 0.68336 0.67848 0.6804 0.67256
0.78972 0.7968 0.79524 0.79344 0.78808 0.78576 0.76664 0.76972 0.76704 0.76116 0.76128 0.6984 0.7544 0.74596 0.7356 0.74548 0.74624 0.66876 0.7516 0.65784 0.6504 0.6448 0.64368 0.64908 0.63968 0.6384 0.63892 0.65152 0.64248 0.63876 0.62608 0.60144 0.59544 0.58544 0.57412 0.54196 0.5632 0.55524 0.56212 0.5302 0.5238 0.49272 0.33844 0.43368 0.45864 0.45576 0.42264 0.39248 0.444 0.56572 0.59224 0.6214 0.59568 0.62332 0.58992 0.60372 0.63336 0.63588 0.62036 0.6256 0.6182 0.64376 0.65936 0.663 0.67408 0.67716 0.6808 0.67968 0.67784 0.65432
0.79416 0.79344 0.79276 0.787 0.7814 0.77348 0.7744 0.76308 0.76772 0.75848 0.7568 0.75864 0.7476 0.75064 0.7456 0.74552 0.74748 0.6736 0.75272 0.76796 0.65556 0.65036 0.65036 0.63188 0.64892 0.64164 0.63756 0.64328 0.6372 0.61112 0.51728 0.56948 0.58696 0.57748 0.57448 0.55312 0.555 0.54696 0.5202 0.51712 0.49296 0.4964 0.37208 0.44292 0.4172 0.33492 0.37116 0.37316 0.48276 0.59408 0.5826 0.54624 0.55936 0.59424 0.59916 0.60316 0.64244 0.61036 0.61708 0.614 0.63608 0.65344 0.65028 0.6768 0.68428 0.67616 0.68296 0.6784 0.68812 0.68132
