rf/output/run1/results/raw/2050s/RF_3Unc_2050s.asc
NCOLS 683 
NROWS 518 
XLLCORNER -87.691661853 
YLLCORNER 10.708337021 
CELLSIZE 0.00833333376866763 
NODATA_value -9999 
[rows 217 to 247 of 518, columns 140 to 209 of 683]
0.59016 0.59392 0.59724 0.59176 0.58644 0.6078 0.55648 0.48128 0.46528 0.45524 0.45104 0.4746 0.5748 0.56128 0.59956 0.61864 0.61728 0.61888 0.62596 0.629 0.617 0.60944 0.61028 0.63 0.59156 0.56952 0.53408 0.53224 0.56196 0.52048 0.52816 0.47952 0.55712 0.56664 0.54744 0.57292 0.46964 0.55424 0.5436 0.47296 0.51292 0.53876 0.56128 0.61612 0.62568 0.55768 0.51984 0.53408 0.49732 0.52728 0.46596 0.47532 0.485 0.49532 0.5038 0.49848 0.48872 0.4952 0.48756 0.48048 0.46184 0.4786 0.46848 0.456 0.45988 0.46564 0.4584 0.45964 0.4686 0.49796
0.60176 0.6014 0.59048 0.62132 0.5912 0.59832 0.5518 0.46768 0.4416 0.53792 0.54648 0.55332 0.54596 0.61428 0.62156 0.61664 0.63004 0.62424 0.62356 0.6178 0.62748 0.6244 0.6178 0.62864 0.55404 0.51396 0.52868 0.573 0.57668 0.54876 0.5362 0.4958 0.47772 0.53932 0.46564 0.45864 0.52036 0.57328 0.58808 0.55248 0.57688 0.57 0.57036 0.63772 0.618 0.58792 0.5772 0.56936 0.55488 0.54328 0.45548 0.46828 0.4576 0.48628 0.49504 0.49876 0.4882 0.45484 0.45652 0.49104 0.48176 0.49956 0.46436 0.48868 0.47824 0.47148 0.46224 0.44788 0.46444 0.49536
0.69272 0.65524 0.5856 0.63532 0.58156 0.6054 0.59548 0.53004 0.50476 0.56116 0.57792 0.58048 0.54496 0.59788 0.61776 0.628 0.6108 0.61028 0.61232 0.61608 0.62436 0.62932 0.63068 0.62888 0.59284 0.51104 0.4692 0.53348 0.56608 0.56368 0.5278 0.56868 0.48692 0.50304 0.49036 0.49872 0.5594 0.5898 0.58936 0.57872 0.57644 0.57492 0.62296 0.62996 0.63244 0.6242 0.60948 0.55504 0.55344 0.53912 0.49004 0.49956 0.45056 0.45136 0.47108 0.45152 0.49072 0.471 0.47996 0.47948 0.50924 0.50372 0.49632 0.48812 0.4812 0.47464 0.46068 0.44736 0.45884 0.46932
0.59088 0.6098 0.62536 0.61292 0.60116 0.59676 0.54736 0.459 0.5382 0.53544 0.60604 0.57216 0.55816 0.59232 0.60124 0.60308 0.62964 0.6114 0.62032 0.6332 0.6194 0.62652 0.62692 0.622 0.58908 0.49544 0.47752 0.47268 0.51216 0.54648 0.54904 0.6122 0.55104 0.47756 0.54544 0.5798 0.57932 0.62104 0.61296 0.60892 0.61328 0.64432 0.6304 0.63828 0.63412 0.6154 0.56728 0.52604 0.5628 0.53592 0.51748 0.51612 0.51132 0.48152 0.47032 0.49392 0.51184 0.47652 0.49928 0.51748 0.51344 0.51532 0.50164 0.48988 0.48716 0.46516 0.4686 0.47136 0.453 0.47004
0.58644 0.59116 0.60336 0.63 0.6004 0.59972 0.53852 0.51116 0.52848 0.50264 0.58812 0.6116 0.58808 0.60404 0.61016 0.61912 0.63204 0.6142 0.61356 0.61624 0.62988 0.61724 0.62928 0.62648 0.58048 0.471 0.4746 0.49188 0.4724 0.47364 0.48516 0.55564 0.51044 0.47212 0.51288 0.5672 0.61324 0.6168 0.642 0.5834 0.62884 0.64312 0.6296 0.63476 0.63832 0.60772 0.57008 0.53932 0.55312 0.53552 0.51744 0.51796 0.5398 0.533 0.53404 0.54696 0.52452 0.45664 0.46804 0.5066 0.52416 0.50672 0.4934 0.49864 0.48072 0.485 0.47212 0.4502 0.4482 0.46496
0.57264 0.58512 0.59104 0.60712 0.59588 0.59496 0.58456 0.5162 0.45052 0.44736 0.595 0.60356 0.59936 0.56984 0.60348 0.63136 0.61644 0.61916 0.62684 0.61596 0.633 0.62812 0.61608 0.62804 0.5806 0.50504 0.47948 0.48944 0.48448 0.48288 0.48904 0.46536 0.49636 0.48488 0.49792 0.51204 0.55972 0.61204 0.64648 0.62736 0.64408 0.64372 0.64772 0.6476 0.62836 0.5752 0.5388 0.56996 0.56412 0.50784 0.45988 0.4642 0.51152 0.55008 0.54736 0.54764 0.47464 0.46716 0.47144 0.50336 0.50868 0.50184 0.50892 0.487 0.49792 0.48572 0.4804 0.45748 0.4604 0.4684
0.60008 0.58192 0.57544 0.58588 0.59152 0.5882 0.58772 0.59964 0.46764 0.46296 0.58792 0.59872 0.54864 0.5992 0.60908 0.61544 0.6132 0.60704 0.6128 0.62756 0.63112 0.6164 0.6218 0.62456 0.57912 0.50824 0.491 0.49032 0.54368 0.50672 0.51304 0.48416 0.4788 0.4802 0.55128 0.58428 0.59204 0.5748 0.6346 0.63096 0.61604 0.6294 0.6328 0.64244 0.61688 0.59376 0.5756 0.60852 0.60576 0.56996 0.5378 0.50996 0.51924 0.4994 0.50976 0.55652 0.51028 0.5096 0.5232 0.50516 0.51188 0.52356 0.51468 0.50868 0.49796 0.47944 0.47268 0.45928 0.46736 0.48228
0.5914 0.57712 0.56728 0.57744 0.58492 0.59784 0.6066 0.60116 0.5398 0.52088 0.5802 0.57328 0.5948 0.60588 0.62724 0.62044 0.61856 0.6174 0.61448 0.62944 0.64628 0.62516 0.6232 0.60584 0.57968 0.56564 0.57432 0.5292 0.58192 0.599 0.52424 0.49392 0.51924 0.51744 0.53692 0.5754 0.59772 0.61092 0.63244 0.65508 0.64508 0.63796 0.64896 0.65116 0.63164 0.60016 0.63572 0.63356 0.61572 0.60484 0.57948 0.57612 0.531 0.5192 0.54136 0.55924 0.55536 0.5252 0.54584 0.54116 0.52468 0.52276 0.514 0.49832 0.49712 0.48316 0.48464 0.47036 0.44944 0.46168
0.58252 0.5698 0.53404 0.58948 0.5782 0.60864 0.58324 0.5928 0.5948 0.49068 0.5492 0.52144 0.54352 0.55328 0.60696 0.62332 0.6218 0.6222 0.61184 0.6096 0.61648 0.62864 0.6282 0.61888 0.5552 0.51752 0.58328 0.52784 0.57012 0.60308 0.5956 0.59552 0.5126 0.49064 0.509 0.56716 0.57596 0.60024 0.63944 0.64448 0.63264 0.64228 0.63056 0.634 0.6466 0.64932 0.653 0.642 0.6378 0.64344 0.6128 0.6286 0.56824 0.51288 0.51396 0.53856 0.55028 0.55536 0.544 0.54116 0.52776 0.52572 0.518 0.51128 0.49068 0.484 0.47576 0.46124 0.52292 0.47532
0.56844 0.52064 0.43632 0.59516 0.58584 0.58364 0.58856 0.56296 0.56888 0.50456 0.5102 0.47528 0.462 0.50092 0.57948 0.58888 0.61304 0.64412 0.61792 0.6148 0.62936 0.62796 0.62208 0.63624 0.57884 0.58248 0.58876 0.57616 0.55612 0.61224 0.61348 0.597 0.60128 0.48912 0.5038 0.54872 0.59488 0.61968 0.64072 0.64208 0.63264 0.64664 0.64344 0.63204 0.65432 0.64984 0.64952 0.64828 0.63996 0.63984 0.63492 0.63076 0.57576 0.48488 0.48744 0.52608 0.5436 0.55416 0.5396 0.543 0.52252 0.52312 0.5196 0.51428 0.49912 0.49188 0.47884 0.50532 0.53368 0.52336
0.54496 0.50912 0.48132 0.582 0.59464 0.53464 0.53624 0.48512 0.44724 0.48936 0.51796 0.46728 0.52084 0.53292 0.54152 0.5874 0.61072 0.63084 0.61268 0.62976 0.62972 0.62956 0.61604 0.63556 0.63332 0.6224 0.60088 0.559 0.64108 0.60668 0.64932 0.61828 0.62112 0.60572 0.61412 0.60456 0.61264 0.63888 0.64748 0.64068 0.64644 0.64284 0.62424 0.62976 0.65076 0.65376 0.669 0.63884 0.647 0.642 0.64636 0.63796 0.56876 0.51012 0.49868 0.51028 0.54004 0.55524 0.5422 0.54168 0.5392 0.52228 0.51904 0.5136 0.49168 0.48928 0.46992 0.51664 0.55744 0.528
0.47516 0.49592 0.51908 0.5474 0.44184 0.52856 0.47512 0.52432 0.46804 0.46824 0.49652 0.59068 0.586 0.4572 0.4762 0.60472 0.62208 0.6278 0.64264 0.6278 0.6222 0.61824 0.63056 0.63584 0.60928 0.591 0.58652 0.60528 0.59812 0.60776 0.60288 0.5736 0.64016 0.64876 0.63308 0.65648 0.65132 0.65 0.64748 0.64648 0.64752 0.64416 0.63836 0.60904 0.65588 0.6558 0.6564 0.64632 0.62812 0.65092 0.65168 0.63796 0.60372 0.55032 0.5458 0.51216 0.539 0.55364 0.53952 0.54056 0.50088 0.49876 0.51772 0.503 0.46928 0.48816 0.53008 0.56652 0.54148 0.55388
0.50868 0.47388 0.48448 0.52596 0.53748 0.50688 0.49848 0.47032 0.47192 0.48172 0.53772 0.61092 0.5964 0.46012 0.55988 0.6 0.62372 0.62124 0.63292 0.63052 0.628 0.61972 0.6352 0.617 0.63804 0.62284 0.62248 0.6212 0.5796 0.4964 0.49848 0.52472 0.54984 0.61112 0.61128 0.65188 0.60596 0.63496 0.64396 0.64688 0.6456 0.65224 0.65224 0.6538 0.6582 0.65952 0.64672 0.63584 0.6334 0.64408 0.64904 0.64156 0.63196 0.62264 0.58256 0.57272 0.5558 0.56188 0.5418 0.52192 0.46616 0.47676 0.49116 0.51124 0.4674 0.4512 0.56432 0.56136 0.57204 0.54272
0.5066 0.5724 0.56844 0.54952 0.50392 0.5586 0.60692 0.59316 0.594 0.46104 0.58448 0.6016 0.58528 0.46716 0.55652 0.5794 0.62652 0.61776 0.61704 0.62716 0.62752 0.61936 0.64092 0.634 0.60744 0.6204 0.60416 0.5914 0.55652 0.49092 0.49948 0.5366 0.59328 0.56392 0.62356 0.61832 0.61696 0.61768 0.62056 0.64116 0.61144 0.64228 0.64024 0.64116 0.65512 0.64468 0.64392 0.63972 0.63756 0.63312 0.64964 0.66256 0.64104 0.6336 0.626 0.62328 0.62012 0.60484 0.55876 0.48804 0.48784 0.45952 0.52328 0.4912 0.5032 0.50396 0.61128 0.5936 0.57668 0.54528
0.50832 0.57372 0.57864 0.59048 0.51728 0.58332 0.58516 0.60288 0.5768 0.46184 0.49308 0.64808 0.4922 0.5346 0.5628 0.57304 0.63456 0.6044 0.62792 0.63292 0.63668 0.62856 0.61744 0.62096 0.62356 0.60708 0.5972 0.5186 0.46732 0.52536 0.54096 0.5498 0.56672 0.58132 0.60536 0.60916 0.61316 0.62748 0.6364 0.64888 0.61448 0.62548 0.63532 0.63952 0.63796 0.61164 0.62132 0.64692 0.6428 0.63036 0.63884 0.62732 0.6596 0.65888 0.64924 0.64308 0.6156 0.57064 0.543 0.517 0.46772 0.45396 0.52232 0.50776 0.50368 0.55368 0.60008 0.5522 0.54996 0.5566
0.51812 0.57168 0.57672 0.57196 0.5812 0.58408 0.58116 0.59828 0.5938 0.56876 0.5198 0.5258 0.48452 0.53448 0.59204 0.60432 0.6064 0.62664 0.63776 0.63216 0.62028 0.62204 0.63456 0.61012 0.59624 0.57612 0.5534 0.54264 0.59036 0.61004 0.58328 0.55088 0.61072 0.59408 0.51596 0.52372 0.58552 0.61168 0.64148 0.63752 0.65 0.64592 0.6444 0.65192 0.64296 0.60484 0.59964 0.61412 0.61076 0.60724 0.604 0.6298 0.63272 0.66432 0.62916 0.60424 0.57732 0.58296 0.55076 0.53848 0.47656 0.45964 0.52008 0.51316 0.51036 0.55044 0.61096 0.56776 0.57028 0.5778
0.57832 0.5756 0.57952 0.58208 0.57832 0.60228 0.60116 0.59416 0.59836 0.61048 0.60572 0.549 0.55036 0.5818 0.59932 0.62596 0.62232 0.62344 0.62896 0.61604 0.63204 0.61316 0.60984 0.60368 0.562 0.58024 0.5964 0.6026 0.64944 0.64148 0.63356 0.6532 0.6416 0.61484 0.486 0.46408 0.58444 0.61372 0.64648 0.65088 0.64456 0.65988 0.66192 0.64532 0.61476 0.61708 0.613 0.61608 0.60916 0.6084 0.60468 0.62584 0.63576 0.64108 0.67332 0.6174 0.559 0.5622 0.54516 0.48448 0.50624 0.51656 0.5128 0.51748 0.51608 0.599 0.64856 0.57764 0.60836 0.58976
0.5766 0.561 0.58864 0.5952 0.61536 0.61524 0.59772 0.59188 0.61344 0.60264 0.60488 0.57216 0.56988 0.5812 0.54984 0.54852 0.61288 0.61184 0.6122 0.62544 0.62536 0.62128 0.6244 0.59688 0.55484 0.63592 0.64764 0.64152 0.64256 0.627 0.64568 0.64036 0.66368 0.61296 0.59464 0.58512 0.63784 0.61708 0.60564 0.64676 0.64932 0.64884 0.658 0.65016 0.63732 0.6196 0.61508 0.61948 0.61032 0.6162 0.64028 0.63596 0.64924 0.65784 0.67012 0.6368 0.59872 0.59708 0.54812 0.5316 0.48204 0.54904 0.49376 0.49644 0.53796 0.61832 0.61096 0.5956 0.60332 0.60308
0.57388 0.58788 0.57008 0.5866 0.63812 0.6098 0.59088 0.60396 0.59816 0.58624 0.49608 0.45832 0.45736 0.47368 0.55724 0.58964 0.60624 0.61824 0.62412 0.62576 0.62672 0.63172 0.63912 0.603 0.55884 0.60952 0.64272 0.6136 0.65036 0.6254 0.63428 0.6414 0.67356 0.64924 0.63016 0.65132 0.64416 0.6402 0.59032 0.61784 0.61832 0.65196 0.64652 0.66988 0.61752 0.6274 0.60708 0.61872 0.61208 0.61856 0.64752 0.65896 0.67768 0.6532 0.67668 0.63932 0.6542 0.61352 0.5848 0.53676 0.49844 0.4698 0.50344 0.49336 0.46908 0.58468 0.60472 0.61104 0.59536 0.6096
0.59868 0.56248 0.59548 0.61452 0.5806 0.6212 0.59824 0.59148 0.58552 0.5182 0.5462 0.51624 0.51528 0.46336 0.56708 0.60016 0.61484 0.63316 0.63436 0.62768 0.62944 0.63576 0.63936 0.60836 0.5636 0.58484 0.59916 0.63784 0.64524 0.60956 0.63648 0.65452 0.65564 0.67076 0.6408 0.66628 0.66052 0.61292 0.61368 0.63936 0.643 0.64812 0.66212 0.63796 0.62288 0.65188 0.62012 0.63296 0.65524 0.65836 0.64996 0.64372 0.6782 0.67344 0.67864 0.64288 0.65384 0.6244 0.59568 0.54756 0.51612 0.4564 0.47168 0.47708 0.52356 0.58556 0.62096 0.61192 0.60536 0.60536
0.59464 0.57076 0.59836 0.625 0.65016 0.65452 0.58956 0.59636 0.6108 0.59912 0.61012 0.57196 0.47088 0.51012 0.56032 0.60916 0.61844 0.6348 0.63388 0.62864 0.62992 0.59872 0.56752 0.60056 0.58708 0.5866 0.55764 0.59928 0.59308 0.60184 0.621 0.644 0.64036 0.63548 0.6706 0.66724 0.64968 0.63572 0.63256 0.66032 0.64044 0.65948 0.66624 0.66316 0.647 0.65424 0.64268 0.6404 0.67088 0.6866 0.68264 0.68336 0.68152 0.65668 0.68152 0.64388 0.658 0.63612 0.62252 0.5936 0.5642 0.54424 0.49568 0.5056 0.57636 0.6018 0.6148 0.6234 0.60772 0.6112
0.59096 0.57748 0.57212 0.6096 0.65744 0.61244 0.59284 0.60044 0.59812 0.60132 0.59556 0.59528 0.5254 0.53928 0.56828 0.60968 0.6326 0.63728 0.62036 0.60892 0.64124 0.60616 0.57616 0.60212 0.60288 0.5738 0.52584 0.524 0.54788 0.60176 0.61168 0.62432 0.65188 0.6662 0.67228 0.66796 0.6468 0.6548 0.65536 0.6634 0.67584 0.64532 0.68244 0.68072 0.6512 0.65612 0.66568 0.6588 0.6626 0.667 0.66756 0.65688 0.6824 0.67764 0.66104 0.64328 0.61152 0.5858 0.55892 0.61488 0.584 0.53936 0.53492 0.49 0.58952 0.56336 0.51552 0.59988 0.60964 0.63004
0.59312 0.55536 0.59244 0.66452 0.66812 0.61708 0.60476 0.60772 0.6126 0.60248 0.58536 0.59696 0.60536 0.52252 0.5546 0.57984 0.56536 0.57684 0.54832 0.60388 0.5996 0.56636 0.58356 0.5868 0.58228 0.59268 0.56596 0.49468 0.55672 0.58732 0.62332 0.65424 0.64392 0.6524 0.6496 0.6598 0.6812 0.65232 0.64144 0.6488 0.67116 0.6724 0.6388 0.649 0.68012 0.66908 0.67764 0.6624 0.67788 0.65272 0.67516 0.66972 0.66284 0.64832 0.66564 0.66584 0.64768 0.60748 0.5628 0.54292 0.56496 0.54364 0.54084 0.49492 0.4616 0.49852 0.48632 0.46816 0.4422 0.57812
0.60072 0.54456 0.61536 0.63672 0.66548 0.65996 0.61856 0.5938 0.60056 0.61568 0.60108 0.58948 0.58548 0.51488 0.5432 0.55652 0.55244 0.50724 0.56828 0.5706 0.58648 0.60064 0.57596 0.58684 0.619 0.59088 0.5758 0.4874 0.55388 0.61296 0.64712 0.62648 0.65472 0.65628 0.64844 0.64064 0.67568 0.64796 0.6732 0.64796 0.64024 0.68336 0.66984 0.65808 0.6812 0.66916 0.6712 0.67064 0.67728 0.66704 0.66984 0.65912 0.63516 0.6224 0.67468 0.67084 0.65872 0.60032 0.5568 0.53532 0.54416 0.46784 0.53208 0.52648 0.51132 0.51972 0.5026 0.49376 0.48248 0.46708
0.65652 0.63592 0.66068 0.67192 0.65504 0.66788 0.70828 0.5836 0.60092 0.6024 0.59228 0.62052 0.60456 0.59956 0.53304 0.53932 0.49308 0.53764 0.46108 0.5526 0.58612 0.58024 0.57364 0.5652 0.62816 0.60716 0.58256 0.58972 0.61544 0.6446 0.65472 0.66956 0.65416 0.63036 0.677 0.676 0.68516 0.65628 0.6746 0.6606 0.65588 0.67048 0.66516 0.6432 0.6656 0.69356 0.67192 0.67912 0.6766 0.67944 0.67016 0.67716 0.65028 0.63152 0.66636 0.65248 0.62128 0.60096 0.5504 0.48012 0.4952 0.53964 0.52124 0.5182 0.52844 0.51948 0.48204 0.48248 0.495 0.48296
0.6106 0.685 0.69696 0.62604 0.71288 0.68564 0.67228 0.69348 0.5944 0.58392 0.59876 0.5786 0.59296 0.53996 0.48996 0.5066 0.48276 0.5112 0.46764 0.5054 0.5346 0.57408 0.56052 0.56504 0.62236 0.62932 0.63048 0.63752 0.64792 0.64412 0.67052 0.63456 0.66956 0.63492 0.679 0.68396 0.68492 0.65648 0.64076 0.65576 0.68316 0.67 0.65532 0.62884 0.63228 0.683 0.6758 0.68584 0.67108 0.66984 0.67092 0.67376 0.66992 0.66784 0.6574 0.66284 0.63564 0.61476 0.57832 0.56412 0.53624 0.54208 0.5384 0.52284 0.54552 0.51124 0.49552 0.50624 0.4852 0.4916
0.55876 0.6742 0.6942 0.67272 0.7172 0.65408 0.6702 0.65316 0.59508 0.5888 0.58764 0.59392 0.60772 0.50132 0.4914 0.45872 0.52624 0.547 0.47384 0.47672 0.54348 0.572 0.54764 0.56032 0.5996 0.61364 0.6168 0.63248 0.6344 0.65388 0.633 0.63828 0.65628 0.66484 0.68296 0.66272 0.68072 0.65332 0.65 0.68608 0.65864 0.67844 0.66764 0.65076 0.65544 0.66592 0.67904 0.68848 0.6848 0.65984 0.69412 0.66152 0.68272 0.67904 0.65964 0.66216 0.62132 0.58576 0.56344 0.56536 0.53268 0.54684 0.55072 0.53544 0.55036 0.54188 0.53172 0.50112 0.49868 0.48328
0.65544 0.6712 0.69356 0.67896 0.6896 0.6654 0.65464 0.65004 0.6646 0.57136 0.58436 0.60156 0.61956 0.54252 0.58488 0.48864 0.475 0.48172 0.57768 0.51212 0.47572 0.56748 0.50968 0.54192 0.59068 0.59664 0.58992 0.58712 0.58676 0.60204 0.60648 0.63736 0.65756 0.6404 0.65816 0.66772 0.66468 0.65348 0.65708 0.64608 0.65608 0.67976 0.66684 0.66748 0.65328 0.6632 0.67976 0.6716 0.67252 0.68736 0.67752 0.68712 0.65796 0.66568 0.6756 0.63144 0.61172 0.5482 0.57076 0.57268 0.5484 0.5334 0.53304 0.49356 0.53084 0.53156 0.51464 0.49904 0.493 0.45152
0.67036 0.6814 0.69208 0.6788 0.6894 0.63628 0.64696 0.63436 0.66276 0.57708 0.58416 0.6202 0.58752 0.58228 0.59796 0.59948 0.54416 0.4906 0.57952 0.51772 0.49408 0.4816 0.51448 0.53944 0.51872 0.57332 0.56784 0.59896 0.59012 0.58112 0.61884 0.651 0.64048 0.64388 0.6528 0.65792 0.63004 0.64488 0.65256 0.64852 0.65432 0.65416 0.66724 0.65524 0.64288 0.64808 0.66872 0.66272 0.66868 0.6608 0.6586 0.68264 0.67964 0.6556 0.63348 0.61932 0.59208 0.58344 0.58636 0.58756 0.55264 0.54804 0.48672 0.52628 0.53128 0.52708 0.5264 0.50228 0.50616 0.46996
0.68304 0.5962 0.65316 0.68408 0.69776 0.58288 0.59148 0.6654 0.62556 0.56992 0.576 0.563 0.59792 0.61104 0.61112 0.60472 0.51204 0.49708 0.50008 0.48496 0.49744 0.51772 0.48444 0.56604 0.59996 0.56744 0.5834 0.61968 0.61576 0.6186 0.64216 0.62728 0.65292 0.64604 0.68212 0.65276 0.60832 0.62908 0.64168 0.65252 0.6596 0.66388 0.66384 0.6562 0.65332 0.6554 0.66424 0.66188 0.66248 0.66188 0.65696 0.65868 0.66452 0.66472 0.62304 0.58808 0.61684 0.61364 0.6048 0.56348 0.57688 0.57544 0.54592 0.4766 0.50504 0.53124 0.54348 0.5082 0.48328 0.4832
0.67804 0.58488 0.65788 0.6788 0.68792 0.63836 0.59788 0.59944 0.604 0.57072 0.56496 0.57884 0.60472 0.58524 0.60004 0.62812 0.524 0.46556 0.49632 0.48044 0.46776 0.4856 0.48368 0.47692 0.58204 0.63428 0.65276 0.63548 0.65348 0.63736 0.65664 0.66492 0.66068 0.66936 0.68028 0.63932 0.64036 0.62932 0.63144 0.66216 0.6838 0.66776 0.65704 0.66732 0.66448 0.6778 0.67872 0.64856 0.65936 0.69804 0.65576 0.65608 0.66276 0.68188 0.64252 0.59736 0.59328 0.62892 0.61824 0.60276 0.59524 0.58728 0.55984 0.54376 0.49128 0.5118 0.52264 0.53524 0.5046 0.49924
