rf/output/run1/results/raw/2050s/RF_3Unc_2050s.asc
NCOLS 683 
NROWS 518 
XLLCORNER -87.691661853 
YLLCORNER 10.708337021 
CELLSIZE 0.00833333376866763 
NODATA_value -9999 
[rows 186 to 216 of 518, columns 420 to 489 of 683]
0.4196 0.4194 0.4208 0.42052 0.40724 0.40392 0.41108 0.41316 0.41368 0.41164 0.42068 0.4224 0.42248 0.4402 0.43676 0.45388 0.46656 0.47452 0.51896 0.529 0.53588 0.53892 0.54756 0.55168 0.55852 0.55772 0.56124 0.56656 0.57996 0.58328 0.586 0.58944 0.58924 0.59164 0.5928 0.58976 0.58984 0.59452 0.59836 0.60036 0.60112 0.59816 0.5962 0.59988 0.59352 0.59284 0.5944 0.59532 0.59308 0.5914 0.5846 0.58032 0.57776 0.5808 0.57696 0.5752 0.57528 0.57464 0.57588 0.57356 0.57088 0.57124 0.56852 0.5698 0.56932 0.56604 0.56504 0.55652 0.55516 0.5478
0.41996 0.42004 0.42116 0.42068 0.40508 0.40812 0.40668 0.41108 0.4138 0.42148 0.42264 0.421 0.43544 0.43736 0.43832 0.45396 0.50276 0.5038 0.4758 0.52372 0.53576 0.53748 0.54544 0.547 0.5542 0.55252 0.55844 0.56524 0.57012 0.58124 0.58632 0.58996 0.589 0.58856 0.59432 0.5912 0.59096 0.59404 0.59788 0.59876 0.59716 0.59924 0.59588 0.6008 0.60008 0.59452 0.59412 0.59788 0.59196 0.59096 0.58492 0.58432 0.5816 0.57568 0.57888 0.57512 0.57732 0.5746 0.57432 0.574 0.57116 0.57084 0.56772 0.56736 0.5666 0.56512 0.56184 0.56216 0.55508 0.55244
0.41688 0.41456 0.41696 0.41992 0.4174 0.40824 0.4122 0.41336 0.42408 0.4214 0.42072 0.42176 0.43404 0.43692 0.4478 0.45032 0.50316 0.50348 0.51392 0.52524 0.53396 0.53584 0.543 0.54852 0.55696 0.55504 0.56204 0.56776 0.575 0.57908 0.5832 0.58948 0.589 0.5884 0.59116 0.59048 0.58604 0.59572 0.59944 0.60068 0.6018 0.59996 0.59608 0.60088 0.59848 0.59308 0.59316 0.59544 0.593 0.59032 0.58644 0.58408 0.58364 0.58432 0.57492 0.57412 0.57392 0.57212 0.57168 0.57128 0.5708 0.56868 0.56112 0.5672 0.56824 0.56504 0.55828 0.55816 0.55644 0.55364
0.41028 0.41016 0.411 0.40852 0.41996 0.42068 0.41724 0.41556 0.42116 0.41924 0.4208 0.43512 0.43636 0.43544 0.48588 0.44876 0.49912 0.50568 0.47692 0.52092 0.51924 0.52696 0.53128 0.54716 0.54824 0.55252 0.56188 0.5666 0.57408 0.58328 0.58404 0.58692 0.58984 0.58924 0.59372 0.59128 0.58644 0.59408 0.60068 0.60096 0.60196 0.59912 0.59652 0.60004 0.59856 0.59468 0.59148 0.59468 0.59224 0.59116 0.58468 0.5832 0.5812 0.5754 0.57516 0.5744 0.57344 0.57052 0.57388 0.5718 0.5708 0.5696 0.56828 0.56636 0.5682 0.56288 0.55764 0.55624 0.55604 0.55152
0.40872 0.40972 0.41084 0.41112 0.4092 0.4184 0.41784 0.41896 0.41732 0.419 0.41992 0.43128 0.4334 0.43624 0.48544 0.4462 0.46044 0.50964 0.50096 0.52268 0.5302 0.53292 0.53108 0.53712 0.54336 0.5496 0.5584 0.56588 0.57236 0.57868 0.58616 0.58628 0.58692 0.58928 0.59412 0.59204 0.59028 0.5932 0.59712 0.60148 0.60212 0.59916 0.59668 0.59992 0.60008 0.5938 0.59316 0.59392 0.59488 0.59212 0.58912 0.58264 0.57924 0.57664 0.57492 0.5748 0.57348 0.57116 0.57124 0.57264 0.57056 0.56956 0.56536 0.56636 0.56768 0.56292 0.5614 0.55608 0.55604 0.55436
0.4058 0.40752 0.41104 0.41048 0.41304 0.41068 0.41736 0.41964 0.40916 0.41572 0.41792 0.43356 0.43148 0.44708 0.44704 0.45684 0.46428 0.50912 0.50908 0.52208 0.53052 0.52696 0.53496 0.5376 0.54016 0.55064 0.55748 0.56868 0.57272 0.57916 0.5784 0.58916 0.58772 0.5842 0.59248 0.58888 0.58488 0.59188 0.5964 0.59988 0.60196 0.59864 0.59868 0.59964 0.59956 0.59396 0.59392 0.59232 0.59164 0.59096 0.58944 0.58824 0.57952 0.57696 0.57504 0.57484 0.5722 0.57212 0.57168 0.57168 0.56972 0.56864 0.56612 0.56744 0.5656 0.562 0.56056 0.55636 0.55724 0.55048
0.40696 0.40296 0.40988 0.41372 0.41232 0.41144 0.41272 0.41168 0.41196 0.41236 0.41736 0.46732 0.43448 0.44736 0.44824 0.46212 0.46272 0.46964 0.46488 0.5102 0.51244 0.52444 0.53116 0.5356 0.54736 0.55024 0.55484 0.56456 0.57324 0.57736 0.57832 0.58408 0.5928 0.58868 0.583 0.58808 0.58836 0.59112 0.59836 0.59968 0.60148 0.59816 0.59704 0.60128 0.5956 0.59412 0.59344 0.592 0.5916 0.5858 0.59012 0.58648 0.58272 0.58244 0.5758 0.57524 0.57196 0.57168 0.57012 0.57112 0.5692 0.56932 0.56644 0.56708 0.56268 0.56148 0.56036 0.55688 0.55724 0.5504
0.40464 0.40768 0.40848 0.41396 0.41348 0.40948 0.40924 0.41168 0.4108 0.40764 0.42312 0.4644 0.4246 0.44584 0.44944 0.4612 0.45928 0.46628 0.46428 0.51244 0.523 0.52108 0.53216 0.53796 0.54524 0.5458 0.55324 0.56396 0.57164 0.57688 0.57932 0.5884 0.58584 0.59276 0.58848 0.58804 0.59128 0.59204 0.5982 0.59936 0.601 0.5968 0.59676 0.60076 0.59884 0.59264 0.59348 0.59268 0.591 0.5856 0.5846 0.58252 0.58124 0.5792 0.57692 0.57532 0.57248 0.57204 0.5732 0.57044 0.56944 0.56716 0.568 0.56484 0.56188 0.56168 0.5592 0.55712 0.5594 0.55716
0.40372 0.4058 0.40796 0.41012 0.4092 0.40832 0.40748 0.40644 0.41052 0.40912 0.42192 0.42352 0.46044 0.47512 0.44256 0.45692 0.45388 0.49036 0.46456 0.51452 0.51492 0.52424 0.52896 0.53496 0.54748 0.552 0.55292 0.5622 0.57024 0.57384 0.57904 0.58368 0.58544 0.58268 0.59096 0.58888 0.5882 0.5844 0.59608 0.59728 0.59336 0.59416 0.59268 0.59564 0.59844 0.59332 0.59356 0.5926 0.59192 0.58644 0.58372 0.58684 0.5844 0.58308 0.5762 0.57508 0.5734 0.57212 0.5726 0.5704 0.56952 0.56788 0.567 0.56372 0.56084 0.56028 0.55868 0.56068 0.55952 0.55696
0.40224 0.40372 0.40244 0.40672 0.40876 0.4056 0.4078 0.40684 0.40972 0.45584 0.41996 0.41828 0.41944 0.47284 0.47656 0.45688 0.45504 0.45144 0.50972 0.51216 0.51856 0.52092 0.51752 0.5356 0.54292 0.55092 0.54748 0.56296 0.56744 0.57352 0.57536 0.58288 0.58476 0.58132 0.58584 0.58784 0.58732 0.5816 0.58944 0.59472 0.59452 0.59352 0.5946 0.59556 0.60072 0.59736 0.59416 0.59188 0.5946 0.58656 0.58304 0.5854 0.57936 0.58288 0.57724 0.57504 0.57344 0.57348 0.57364 0.57096 0.56944 0.56804 0.5656 0.56092 0.56116 0.56156 0.56028 0.55896 0.55924 0.54316
0.39856 0.40008 0.40428 0.40072 0.40392 0.40512 0.40052 0.40404 0.45276 0.45528 0.45716 0.45732 0.4218 0.46628 0.43508 0.44864 0.49152 0.4946 0.508 0.50936 0.51448 0.51676 0.5294 0.53552 0.5432 0.53932 0.54788 0.55128 0.57284 0.56648 0.57568 0.57572 0.58084 0.57852 0.5806 0.58712 0.58316 0.58216 0.5876 0.59252 0.59336 0.59452 0.59632 0.59548 0.59648 0.59824 0.59248 0.59232 0.5924 0.5862 0.58648 0.58204 0.57916 0.5772 0.57592 0.57584 0.5744 0.57356 0.57404 0.5732 0.57012 0.56784 0.56524 0.5632 0.56164 0.54924 0.55948 0.5594 0.54648 0.54068
0.40036 0.39924 0.39792 0.3988 0.39916 0.40408 0.40272 0.40328 0.45068 0.44984 0.42104 0.4584 0.46932 0.4622 0.43452 0.44212 0.48084 0.48804 0.49576 0.50928 0.5136 0.51668 0.52844 0.52116 0.52812 0.53968 0.5472 0.55708 0.55472 0.57232 0.5754 0.57864 0.57124 0.57372 0.58456 0.58616 0.58348 0.58212 0.58572 0.58928 0.59212 0.59308 0.594 0.59048 0.59288 0.59184 0.5914 0.5872 0.58652 0.58584 0.58656 0.58472 0.58032 0.5764 0.57708 0.5766 0.5746 0.573 0.57268 0.57244 0.57004 0.5684 0.56696 0.56612 0.55764 0.55888 0.55844 0.55916 0.54052 0.53692
0.38872 0.39696 0.39676 0.3982 0.3982 0.39908 0.40208 0.40196 0.44648 0.41008 0.41528 0.45248 0.46664 0.46832 0.46132 0.43688 0.44172 0.48388 0.48104 0.50192 0.51312 0.51804 0.5238 0.52256 0.5314 0.53968 0.54504 0.55048 0.55776 0.56052 0.56892 0.57396 0.57832 0.57276 0.57808 0.57472 0.58156 0.58388 0.58784 0.58972 0.59172 0.592 0.59352 0.59444 0.59308 0.59156 0.58796 0.59048 0.5916 0.58428 0.58512 0.58388 0.58104 0.57968 0.57704 0.57652 0.57464 0.57368 0.57284 0.57236 0.57216 0.56764 0.56552 0.56132 0.55852 0.55864 0.55856 0.55332 0.55244 0.53988
0.38848 0.39312 0.39248 0.39256 0.39336 0.39384 0.39272 0.401 0.4134 0.4146 0.41512 0.45108 0.46044 0.4586 0.41976 0.43688 0.4362 0.48572 0.48536 0.5002 0.5084 0.50972 0.51924 0.52472 0.52708 0.53572 0.5422 0.5496 0.552 0.56432 0.57104 0.5704 0.57888 0.57796 0.58176 0.5784 0.57684 0.57872 0.5874 0.5886 0.5924 0.59364 0.59104 0.58864 0.58764 0.59488 0.59024 0.5864 0.5854 0.5858 0.5816 0.58436 0.5818 0.58016 0.57692 0.57632 0.57464 0.57468 0.5734 0.57224 0.57152 0.5684 0.56508 0.56312 0.55868 0.56104 0.55628 0.55888 0.55164 0.5384
0.38432 0.3894 0.39264 0.39284 0.39224 0.3936 0.39256 0.39368 0.4118 0.41148 0.41172 0.4438 0.45964 0.455 0.41724 0.436 0.47116 0.48632 0.48032 0.49116 0.49428 0.50896 0.50512 0.5188 0.52756 0.5308 0.54364 0.54816 0.55256 0.56176 0.57012 0.5696 0.57224 0.57504 0.57968 0.57924 0.5746 0.57968 0.58104 0.5882 0.5942 0.59072 0.5928 0.59408 0.5874 0.59472 0.59452 0.5902 0.58952 0.59116 0.5828 0.58472 0.585 0.57616 0.57756 0.57656 0.57464 0.57456 0.57404 0.57308 0.56988 0.56824 0.56736 0.56496 0.56028 0.55756 0.55968 0.56032 0.55612 0.53764
0.38264 0.38184 0.37928 0.38388 0.38204 0.3864 0.38476 0.3952 0.43672 0.4056 0.448 0.44352 0.45764 0.46 0.413 0.42348 0.42552 0.47628 0.47884 0.48912 0.49048 0.50008 0.50056 0.51892 0.52912 0.53212 0.54268 0.54536 0.54536 0.559 0.56464 0.57256 0.57496 0.57468 0.57708 0.57472 0.5732 0.57612 0.57564 0.58464 0.5908 0.58532 0.59188 0.59356 0.59016 0.59376 0.59012 0.58876 0.58788 0.5896 0.584 0.581 0.58108 0.57864 0.57552 0.57584 0.5746 0.5748 0.57276 0.573 0.57064 0.56952 0.56548 0.56512 0.56376 0.55812 0.54928 0.54724 0.55636 0.54016
0.38488 0.38416 0.38428 0.38328 0.41936 0.41848 0.4184 0.40188 0.40364 0.44144 0.4444 0.45876 0.45904 0.45408 0.4498 0.45984 0.46332 0.47008 0.472 0.4848 0.48888 0.50728 0.5128 0.51964 0.53372 0.5362 0.53924 0.5466 0.5528 0.55384 0.55692 0.56572 0.57308 0.57668 0.57196 0.57448 0.5722 0.57652 0.57576 0.5844 0.58728 0.59024 0.58444 0.58752 0.58704 0.587 0.58708 0.58308 0.58852 0.58892 0.58484 0.58332 0.57928 0.57808 0.57524 0.57492 0.57424 0.57444 0.57396 0.57332 0.57264 0.56924 0.56788 0.56484 0.56344 0.5518 0.54796 0.54708 0.54516 0.54316
0.3864 0.38476 0.38496 0.3836 0.3844 0.4182 0.41792 0.39864 0.39976 0.43708 0.43472 0.45424 0.45872 0.45704 0.46856 0.46884 0.46044 0.46732 0.46808 0.484 0.49152 0.50416 0.51684 0.51848 0.52716 0.53344 0.5378 0.54608 0.55304 0.5542 0.55884 0.56592 0.56792 0.57148 0.56868 0.5716 0.57088 0.57264 0.5778 0.58364 0.58792 0.58644 0.58576 0.58676 0.58936 0.585 0.58332 0.58704 0.58156 0.58644 0.58044 0.58444 0.57716 0.57672 0.57524 0.57456 0.57356 0.57384 0.5734 0.57216 0.57316 0.5704 0.56828 0.5648 0.55964 0.56244 0.54932 0.559 0.5408 0.55596
0.3874 0.38328 0.3828 0.37856 0.38212 0.38156 0.42532 0.4314 0.39744 0.43568 0.4398 0.45324 0.4534 0.44296 0.4216 0.46052 0.46336 0.46432 0.47212 0.4842 0.48856 0.5006 0.49944 0.518 0.52564 0.52936 0.53748 0.54448 0.5482 0.55216 0.55208 0.56692 0.56672 0.56604 0.56952 0.57188 0.5696 0.5712 0.57476 0.5764 0.58056 0.57988 0.58488 0.58688 0.5898 0.58656 0.58104 0.58512 0.5914 0.58584 0.58368 0.58336 0.57792 0.58016 0.57504 0.57144 0.57312 0.57224 0.57248 0.57148 0.57112 0.56784 0.56404 0.5646 0.56032 0.56176 0.55124 0.56016 0.55868 0.5422
0.38116 0.38004 0.4144 0.41512 0.37828 0.38768 0.39392 0.42836 0.43396 0.43524 0.435 0.4448 0.4434 0.439 0.45596 0.45976 0.46396 0.46664 0.46688 0.487 0.48772 0.50032 0.50272 0.50644 0.51972 0.52812 0.53668 0.54448 0.5458 0.54392 0.55072 0.55976 0.56568 0.56208 0.56604 0.56512 0.56448 0.56388 0.57556 0.57816 0.57808 0.58068 0.5824 0.58496 0.58768 0.58152 0.58432 0.58676 0.583 0.586 0.58132 0.57896 0.57972 0.57996 0.57332 0.573 0.57196 0.56996 0.57164 0.57132 0.56848 0.57112 0.56404 0.56568 0.56472 0.56484 0.56132 0.5618 0.55992 0.558
0.37704 0.3776 0.37756 0.37388 0.38148 0.4174 0.39012 0.43248 0.43344 0.43284 0.43188 0.44348 0.44488 0.4462 0.45548 0.455 0.45284 0.4618 0.4658 0.48156 0.48652 0.4994 0.49856 0.49944 0.5064 0.51772 0.51816 0.53224 0.54252 0.54364 0.5518 0.55372 0.5628 0.55828 0.56492 0.5616 0.56224 0.56504 0.57128 0.57368 0.58144 0.57772 0.57728 0.5824 0.58572 0.58632 0.58644 0.58488 0.58056 0.58492 0.58036 0.58236 0.57868 0.57624 0.5744 0.57552 0.57128 0.5706 0.57012 0.56948 0.568 0.57032 0.57016 0.5666 0.56456 0.55788 0.55708 0.54892 0.55156 0.55808
0.37416 0.37168 0.40696 0.40924 0.38096 0.38 0.3944 0.43116 0.43536 0.43192 0.4304 0.44208 0.43584 0.43848 0.4542 0.4578 0.45648 0.4524 0.46804 0.4824 0.4834 0.48248 0.49824 0.50584 0.505 0.514 0.51836 0.52384 0.52916 0.53092 0.54244 0.55436 0.56172 0.55776 0.55984 0.554 0.56488 0.5648 0.5684 0.57264 0.5768 0.57188 0.57428 0.57836 0.58432 0.58576 0.58288 0.58284 0.58048 0.57832 0.58316 0.57948 0.57712 0.57776 0.57692 0.57144 0.57176 0.5716 0.57044 0.57256 0.56732 0.5674 0.56904 0.56796 0.56672 0.56564 0.5578 0.56096 0.5586 0.55972
0.37648 0.37232 0.38116 0.37628 0.37428 0.41452 0.40852 0.42384 0.42672 0.4178 0.43136 0.43844 0.4358 0.43884 0.45196 0.44972 0.44708 0.44852 0.45896 0.4574 0.4844 0.48512 0.49216 0.49368 0.4962 0.50676 0.516 0.52124 0.53028 0.53236 0.54028 0.544 0.54812 0.5536 0.5532 0.55688 0.562 0.56124 0.5656 0.56792 0.57604 0.57372 0.57608 0.57672 0.5842 0.58104 0.58432 0.5784 0.57748 0.57552 0.57668 0.57784 0.58008 0.57616 0.57632 0.57384 0.5734 0.5704 0.56824 0.57 0.56932 0.56524 0.57064 0.56708 0.56292 0.5656 0.56588 0.56228 0.55088 0.55228
0.37216 0.37208 0.4072 0.40404 0.3724 0.37768 0.38504 0.42468 0.42524 0.4206 0.41752 0.43552 0.44096 0.43352 0.4384 0.43644 0.44396 0.45304 0.46068 0.45864 0.46208 0.48792 0.48024 0.49048 0.49724 0.5 0.50828 0.51728 0.51712 0.52636 0.5372 0.54332 0.54324 0.5504 0.549 0.55576 0.5576 0.55928 0.5646 0.5708 0.57428 0.5756 0.57784 0.57564 0.57716 0.57416 0.58292 0.5824 0.5808 0.58364 0.57568 0.57352 0.57788 0.576 0.5754 0.57448 0.57168 0.5704 0.56676 0.56652 0.56884 0.56536 0.5668 0.56708 0.56684 0.56544 0.565 0.55524 0.56132 0.55908
0.37068 0.40568 0.41004 0.40268 0.40568 0.40504 0.37296 0.41884 0.42048 0.41328 0.40968 0.41564 0.4116 0.43184 0.4336 0.43432 0.44756 0.452 0.45872 0.46072 0.47788 0.48204 0.47984 0.48784 0.49728 0.50164 0.50876 0.51204 0.51456 0.52892 0.53924 0.53644 0.5426 0.54536 0.54644 0.5524 0.55252 0.55608 0.56232 0.5614 0.57288 0.56968 0.57388 0.57556 0.57672 0.57296 0.58208 0.57704 0.57836 0.5714 0.57556 0.57484 0.57568 0.5748 0.57348 0.57344 0.57112 0.57092 0.56728 0.566 0.56552 0.56556 0.5638 0.56652 0.56672 0.5644 0.56536 0.55404 0.56096 0.5526
0.35636 0.36816 0.36352 0.363 0.40368 0.40204 0.40172 0.41464 0.41956 0.41496 0.41496 0.4164 0.42016 0.43208 0.42524 0.43084 0.442 0.4506 0.46264 0.46168 0.47596 0.49792 0.49712 0.50312 0.50088 0.49972 0.50564 0.51308 0.51756 0.52312 0.52544 0.53108 0.53536 0.54488 0.54684 0.54888 0.55024 0.55284 0.55896 0.55392 0.56384 0.56624 0.57264 0.57972 0.57632 0.58352 0.57808 0.57356 0.57652 0.5746 0.57312 0.57588 0.5746 0.5722 0.5732 0.57064 0.57152 0.57148 0.5692 0.56824 0.5674 0.56412 0.56516 0.56264 0.56376 0.56124 0.56388 0.55692 0.56068 0.55848
0.39416 0.36496 0.39888 0.40212 0.40112 0.40272 0.39984 0.41048 0.4172 0.4176 0.41384 0.43236 0.41216 0.42272 0.42316 0.43116 0.44992 0.4516 0.46908 0.47888 0.48164 0.487 0.48632 0.48972 0.5068 0.5146 0.51732 0.5078 0.51812 0.51984 0.52088 0.53108 0.53212 0.53828 0.5428 0.54676 0.54824 0.55168 0.55592 0.55588 0.55556 0.5672 0.56952 0.5778 0.57716 0.57944 0.57764 0.57524 0.57284 0.5692 0.57044 0.57332 0.57244 0.57252 0.57144 0.56992 0.56976 0.56964 0.569 0.56756 0.5616 0.56464 0.55904 0.5608 0.55864 0.55892 0.5612 0.56296 0.56304 0.5614
0.392 0.38436 0.38248 0.40388 0.4002 0.403 0.42008 0.41836 0.41572 0.41472 0.41192 0.4156 0.43044 0.42804 0.42772 0.44728 0.45152 0.4656 0.46656 0.47928 0.48148 0.4872 0.48948 0.48456 0.4912 0.51012 0.51184 0.50544 0.50788 0.52412 0.524 0.53192 0.52996 0.53604 0.54044 0.54048 0.54628 0.5488 0.54644 0.5592 0.55488 0.55628 0.56528 0.56968 0.57468 0.57356 0.57284 0.56736 0.57596 0.56712 0.5716 0.57108 0.56936 0.57112 0.57424 0.56964 0.56576 0.5658 0.56644 0.56344 0.56076 0.559 0.55912 0.55956 0.56032 0.56176 0.56208 0.562 0.56028 0.56164
0.38204 0.34544 0.4042 0.4034 0.40252 0.40236 0.4162 0.41744 0.41232 0.41532 0.41336 0.43432 0.42712 0.42944 0.4274 0.4426 0.44596 0.46276 0.46012 0.47028 0.47668 0.4798 0.48308 0.48504 0.48932 0.49244 0.50268 0.51836 0.51588 0.52236 0.525 0.51752 0.51244 0.51756 0.53336 0.53732 0.54316 0.5458 0.54668 0.55168 0.55704 0.55388 0.56156 0.55724 0.57384 0.57964 0.576 0.56792 0.56632 0.56664 0.5668 0.56784 0.56724 0.56984 0.57148 0.57132 0.56772 0.56564 0.56604 0.56312 0.5626 0.56036 0.55892 0.55908 0.55704 0.55844 0.5602 0.5596 0.56116 0.5628
0.34108 0.37536 0.38916 0.39756 0.40048 0.40128 0.40208 0.41092 0.41464 0.41344 0.41312 0.42652 0.42352 0.42396 0.42864 0.44356 0.446 0.45704 0.46312 0.46788 0.47336 0.47204 0.47848 0.4866 0.48744 0.506 0.50172 0.50732 0.51704 0.5216 0.52184 0.53528 0.53008 0.52528 0.52912 0.53124 0.54684 0.53968 0.54308 0.54868 0.54872 0.55964 0.56336 0.5552 0.56368 0.57028 0.56932 0.57352 0.57236 0.56132 0.56628 0.566 0.56628 0.56636 0.56784 0.5692 0.56592 0.56452 0.56432 0.56148 0.56144 0.56144 0.56012 0.56132 0.55788 0.55772 0.55604 0.55904 0.55868 0.56048
0.3756 0.37284 0.37324 0.39224 0.39092 0.39716 0.39892 0.41004 0.41528 0.416 0.41368 0.411 0.42076 0.42488 0.42648 0.43092 0.44736 0.44656 0.45524 0.45592 0.4712 0.47272 0.47408 0.48472 0.49832 0.49596 0.4968 0.50536 0.50392 0.5176 0.52156 0.52948 0.53512 0.52368 0.52732 0.52888 0.53844 0.5398 0.53536 0.54416 0.5524 0.55588 0.55988 0.55532 0.55244 0.5566 0.56512 0.56636 0.57164 0.57456 0.57424 0.56068 0.5638 0.56504 0.5644 0.56624 0.56484 0.56448 0.56476 0.56124 0.56244 0.55892 0.55776 0.56008 0.5596 0.55796 0.55472 0.55804 0.5568 0.55976
