rf/output/run1/results/raw/2050s/RF_3Unc_2050s.asc
NCOLS 683 
NROWS 518 
XLLCORNER -87.691661853 
YLLCORNER 10.708337021 
CELLSIZE 0.00833333376866763 
NODATA_value -9999 
[rows 155 to 185 of 518, columns 140 to 209 of 683]
0.49416 0.53852 0.49192 0.59364 0.66208 0.70876 0.6392 0.66076 0.61764 0.6708 0.67376 0.64096 0.647 0.71188 0.71392 0.70604 0.71132 0.68152 0.6142 0.66456 0.64584 0.57784 0.59264 0.52144 0.47448 0.48148 0.4738 0.51112 0.53096 0.5498 0.56676 0.57804 0.61312 0.62444 0.61096 0.583 0.57748 0.57664 0.60544 0.63376 0.63184 0.63104 0.62908 0.6516 0.6354 0.6314 0.65056 0.64624 0.64244 0.62696 0.61844 0.61044 0.60616 0.59416 0.55844 0.55796 0.5548 0.48216 0.5086 0.50304 0.47216 0.48552 0.46236 0.46548 0.52652 0.5802 0.5376 0.57268 0.50572 0.48512
0.53496 0.56856 0.5716 0.4784 0.63596 0.51792 0.67904 0.57436 0.47972 0.62636 0.63336 0.59492 0.70652 0.68132 0.70524 0.71628 0.70112 0.70148 0.56884 0.62764 0.53968 0.48668 0.503 0.5014 0.49492 0.52368 0.51044 0.51796 0.53384 0.56576 0.54964 0.57544 0.60856 0.61992 0.60472 0.60788 0.59664 0.54308 0.58772 0.62456 0.63408 0.64996 0.65104 0.6502 0.647 0.65048 0.64772 0.63592 0.65344 0.62012 0.61716 0.61312 0.61072 0.59992 0.60348 0.57828 0.56116 0.47672 0.46972 0.50456 0.50304 0.49024 0.49228 0.47068 0.49744 0.50008 0.49776 0.57684 0.50048 0.4934
0.6356 0.53368 0.55012 0.57052 0.505 0.50416 0.5896 0.53404 0.53248 0.51592 0.63824 0.48348 0.62868 0.57944 0.67756 0.718 0.6868 0.68528 0.58104 0.48572 0.56052 0.5998 0.52556 0.52684 0.50036 0.51352 0.54756 0.52284 0.53036 0.53528 0.59496 0.59928 0.61972 0.62156 0.62184 0.6234 0.61504 0.57744 0.6054 0.62504 0.63276 0.64732 0.6462 0.63092 0.62952 0.64332 0.64324 0.62588 0.64188 0.63276 0.63732 0.62016 0.6148 0.60036 0.56304 0.53332 0.46344 0.48336 0.53432 0.49208 0.47388 0.5086 0.5492 0.5074 0.54284 0.55044 0.535 0.5496 0.50688 0.5208
0.67408 0.64464 0.4708 0.62708 0.57092 0.55636 0.47324 0.52136 0.55528 0.52828 0.47116 0.49808 0.58384 0.53272 0.67556 0.66116 0.662 0.58092 0.4846 0.53212 0.46572 0.60244 0.48724 0.56576 0.55264 0.48324 0.56128 0.58388 0.52904 0.55044 0.55876 0.61808 0.62284 0.62916 0.625 0.62984 0.6322 0.6258 0.62252 0.62408 0.63324 0.64408 0.64696 0.63516 0.62844 0.62872 0.63076 0.6432 0.64588 0.6424 0.64084 0.62804 0.61112 0.597 0.56156 0.48976 0.45976 0.52068 0.48464 0.5214 0.478 0.4708 0.53472 0.58084 0.58648 0.58104 0.5704 0.50892 0.4762 0.45752
0.69672 0.5622 0.48824 0.56272 0.63764 0.6088 0.55084 0.53188 0.58248 0.61064 0.5026 0.559 0.49028 0.51948 0.48144 0.60096 0.5406 0.54084 0.51508 0.55604 0.4644 0.51908 0.47688 0.487 0.55032 0.537 0.58996 0.56448 0.5592 0.5792 0.58508 0.62508 0.6298 0.63568 0.63296 0.63396 0.631 0.6346 0.62292 0.62636 0.63932 0.6404 0.64184 0.63492 0.62144 0.6274 0.63728 0.64784 0.64452 0.62708 0.6252 0.65456 0.61972 0.61652 0.54068 0.48996 0.47092 0.51956 0.47292 0.53548 0.59212 0.50372 0.46728 0.57008 0.572 0.6064 0.54316 0.48212 0.49024 0.49188
0.53904 0.5462 0.5466 0.61768 0.64732 0.59772 0.58268 0.6074 0.55876 0.61508 0.6022 0.60292 0.59396 0.55656 0.57504 0.5528 0.49552 0.5656 0.56352 0.56184 0.54908 0.56592 0.58896 0.58132 0.60052 0.59012 0.60564 0.60592 0.59952 0.60168 0.60408 0.61116 0.63032 0.63624 0.63752 0.62536 0.63492 0.63672 0.63264 0.62856 0.6346 0.63928 0.6432 0.62868 0.62368 0.62432 0.64876 0.6472 0.6298 0.62716 0.62824 0.64304 0.64736 0.59332 0.49036 0.48412 0.5318 0.472 0.47384 0.46164 0.58952 0.47692 0.51564 0.54352 0.59104 0.58456 0.49816 0.46656 0.50072 0.55552
0.57876 0.55072 0.5646 0.6292 0.6506 0.6324 0.58524 0.59812 0.6288 0.63752 0.63428 0.60248 0.59352 0.60652 0.59488 0.59224 0.58784 0.57628 0.60248 0.60288 0.606 0.61572 0.6172 0.60804 0.63144 0.63936 0.63808 0.62996 0.62948 0.61532 0.60412 0.63424 0.61736 0.62988 0.63512 0.63696 0.63336 0.63632 0.63664 0.64284 0.64936 0.649 0.64916 0.65296 0.64024 0.63564 0.63356 0.63184 0.63044 0.63572 0.63696 0.64632 0.62404 0.529 0.49064 0.48584 0.54044 0.5344 0.55228 0.50292 0.58192 0.4736 0.49672 0.53572 0.58296 0.5102 0.46196 0.49156 0.47504 0.4994
0.61144 0.60024 0.60784 0.65968 0.65412 0.65728 0.60924 0.55468 0.60844 0.6504 0.64948 0.655 0.65328 0.6516 0.61852 0.632 0.62284 0.62564 0.62424 0.61544 0.6242 0.64244 0.62668 0.64488 0.65016 0.6492 0.65092 0.60576 0.64068 0.63436 0.58708 0.58492 0.5966 0.61204 0.63796 0.64092 0.63732 0.62916 0.64152 0.63488 0.64808 0.65056 0.63764 0.64136 0.65788 0.65344 0.65464 0.63632 0.6312 0.62988 0.62928 0.63864 0.6266 0.56556 0.51812 0.5296 0.51668 0.5758 0.60056 0.5584 0.54984 0.49332 0.47064 0.49692 0.46172 0.53236 0.52168 0.52124 0.48008 0.53164
0.6392 0.62564 0.63508 0.575 0.62616 0.66476 0.63484 0.60684 0.60904 0.65804 0.65952 0.64656 0.64508 0.65844 0.65048 0.65292 0.64244 0.64324 0.64064 0.64044 0.64384 0.64932 0.64896 0.6486 0.65136 0.64776 0.64472 0.6192 0.634 0.6446 0.58716 0.5834 0.588 0.6076 0.62168 0.62416 0.62088 0.6376 0.6232 0.64484 0.62072 0.643 0.64152 0.64396 0.63704 0.65736 0.62096 0.6384 0.63516 0.63048 0.63916 0.6224 0.63212 0.60312 0.5638 0.60148 0.5982 0.62608 0.59812 0.58072 0.57368 0.53684 0.55468 0.54628 0.551 0.55448 0.57152 0.55524 0.50032 0.5422
0.61924 0.62396 0.6524 0.61884 0.5756 0.6138 0.63976 0.66548 0.64324 0.64048 0.65004 0.64724 0.64296 0.65056 0.64156 0.64136 0.64672 0.6566 0.65436 0.65016 0.65392 0.65456 0.65508 0.647 0.63024 0.65464 0.63664 0.64892 0.6518 0.65064 0.61292 0.59768 0.60012 0.59676 0.6118 0.61676 0.6158 0.63804 0.64132 0.63844 0.63476 0.63476 0.63308 0.6474 0.65736 0.64012 0.63824 0.63212 0.62352 0.64208 0.63636 0.63732 0.6382 0.62412 0.63444 0.62848 0.63696 0.6186 0.59868 0.5924 0.59824 0.53612 0.52672 0.51028 0.59804 0.60076 0.5242 0.49964 0.49148 0.52912
0.66124 0.63052 0.65332 0.65376 0.65392 0.65548 0.66712 0.64368 0.6638 0.64488 0.644 0.64668 0.66564 0.65744 0.63636 0.65628 0.64296 0.65724 0.63756 0.63736 0.64128 0.65796 0.63992 0.65528 0.65368 0.65124 0.65436 0.65364 0.65116 0.64288 0.64876 0.61592 0.59788 0.58876 0.58564 0.60372 0.6246 0.62932 0.6156 0.62724 0.59524 0.5818 0.63312 0.62248 0.64224 0.65024 0.63784 0.62808 0.62628 0.62772 0.64568 0.60528 0.61392 0.6026 0.61412 0.60224 0.60832 0.6402 0.60212 0.56276 0.59004 0.61352 0.56876 0.59948 0.59384 0.59684 0.54212 0.46344 0.50196 0.54192
0.6506 0.64668 0.65032 0.6554 0.64856 0.66004 0.65156 0.64968 0.6514 0.66864 0.65464 0.66728 0.65536 0.66924 0.63836 0.64264 0.63916 0.64828 0.63548 0.65956 0.63176 0.65972 0.64568 0.65584 0.6564 0.65032 0.64752 0.63396 0.64592 0.64964 0.61448 0.61704 0.59224 0.56116 0.57464 0.5658 0.59204 0.63544 0.63224 0.63076 0.62104 0.61752 0.6506 0.64168 0.63988 0.62692 0.63756 0.6366 0.61048 0.62884 0.62984 0.62008 0.6184 0.57912 0.53524 0.57492 0.60424 0.61964 0.6198 0.59848 0.61212 0.61548 0.61924 0.605 0.61596 0.59764 0.53088 0.487 0.48236 0.48736
0.65556 0.65464 0.65248 0.65292 0.64916 0.64664 0.6598 0.64596 0.65512 0.65468 0.65396 0.654 0.65564 0.6662 0.64764 0.64176 0.63836 0.63792 0.65808 0.65912 0.63876 0.6616 0.63544 0.6506 0.639 0.657 0.64296 0.654 0.64108 0.63736 0.61696 0.6144 0.60044 0.57516 0.58032 0.58088 0.58528 0.60268 0.6398 0.62356 0.63936 0.63704 0.63112 0.64036 0.6218 0.61504 0.63076 0.6298 0.636 0.64464 0.63568 0.62004 0.5966 0.54248 0.544 0.5314 0.57532 0.6038 0.5964 0.63868 0.62196 0.6304 0.61544 0.61156 0.5494 0.50384 0.55724 0.54096 0.46708 0.46508
0.64792 0.65316 0.66004 0.66348 0.65408 0.66332 0.64732 0.65136 0.65096 0.65212 0.6486 0.64672 0.6512 0.63836 0.66296 0.64608 0.64528 0.6592 0.64668 0.64876 0.65788 0.63352 0.66124 0.64208 0.65696 0.6474 0.65664 0.64376 0.64088 0.62344 0.6046 0.61704 0.58648 0.53396 0.54096 0.59108 0.60044 0.58816 0.60696 0.60692 0.59496 0.58244 0.62568 0.626 0.6336 0.59228 0.61756 0.61896 0.63108 0.63584 0.6222 0.59868 0.61456 0.57724 0.498 0.50188 0.50308 0.5346 0.58224 0.60384 0.63168 0.60764 0.61164 0.53004 0.54688 0.48268 0.48408 0.51644 0.48756 0.47104
0.65208 0.65968 0.65624 0.65392 0.65456 0.65908 0.65684 0.64892 0.64672 0.65076 0.64592 0.63864 0.64204 0.63192 0.631 0.64304 0.65416 0.64608 0.6672 0.6444 0.65732 0.64468 0.64464 0.64336 0.64808 0.6448 0.66176 0.65572 0.6418 0.61176 0.60668 0.61232 0.58884 0.57656 0.56544 0.55176 0.54588 0.57848 0.61536 0.6326 0.56236 0.57868 0.57508 0.58784 0.58772 0.59168 0.60988 0.6184 0.63648 0.62028 0.61428 0.59788 0.58604 0.58228 0.51968 0.51568 0.49692 0.56324 0.61712 0.60932 0.61884 0.61568 0.60476 0.5328 0.49716 0.46692 0.50976 0.5368 0.51476 0.57288
0.648 0.65136 0.65176 0.6568 0.65552 0.64936 0.65828 0.64792 0.64784 0.64868 0.6468 0.61972 0.58088 0.6016 0.63008 0.65332 0.64324 0.64156 0.64488 0.64264 0.64976 0.64748 0.64184 0.651 0.61424 0.63948 0.63904 0.63292 0.62112 0.61004 0.59372 0.63536 0.60184 0.59612 0.593 0.56276 0.57628 0.5898 0.58432 0.56444 0.54924 0.56452 0.54944 0.57408 0.59756 0.61436 0.60784 0.643 0.637 0.61052 0.57492 0.61124 0.57088 0.55732 0.53252 0.49012 0.525 0.58208 0.599 0.61212 0.64468 0.62168 0.60316 0.57004 0.55784 0.56496 0.54464 0.59996 0.58916 0.5754
0.65244 0.64204 0.63472 0.63736 0.63924 0.64848 0.63828 0.6348 0.63864 0.6364 0.63176 0.63008 0.6324 0.62716 0.64952 0.64496 0.67012 0.64832 0.644 0.66988 0.67232 0.63712 0.65916 0.65668 0.65788 0.63956 0.64636 0.63204 0.62216 0.60492 0.62148 0.63412 0.61888 0.61096 0.60964 0.59708 0.56536 0.5394 0.53092 0.53712 0.51392 0.51872 0.51992 0.59108 0.5816 0.62524 0.6308 0.58492 0.57 0.56992 0.56816 0.58064 0.5638 0.54484 0.49556 0.57592 0.61484 0.61492 0.62116 0.60668 0.6292 0.61104 0.60052 0.53512 0.57368 0.48996 0.52032 0.59352 0.5432 0.503
0.64948 0.65172 0.64292 0.63836 0.64192 0.63868 0.6436 0.57648 0.4634 0.57604 0.624 0.6336 0.65868 0.64768 0.647 0.64868 0.64472 0.62652 0.64648 0.65568 0.64248 0.63736 0.63192 0.65948 0.63668 0.64456 0.6262 0.61904 0.60036 0.58824 0.62064 0.64032 0.6152 0.62952 0.61576 0.57608 0.5032 0.49028 0.5226 0.5716 0.54492 0.50452 0.57756 0.59688 0.61756 0.59384 0.6132 0.579 0.51684 0.49356 0.51244 0.49224 0.51028 0.49252 0.48752 0.61196 0.6076 0.61008 0.61712 0.61208 0.62104 0.61668 0.51028 0.56116 0.48192 0.50836 0.50788 0.48412 0.47676 0.4988
0.64572 0.63988 0.64872 0.64608 0.64116 0.63676 0.62468 0.52128 0.61788 0.62612 0.63544 0.63624 0.64804 0.64792 0.62908 0.61096 0.59616 0.594 0.58232 0.56964 0.59404 0.58908 0.61508 0.62452 0.65072 0.66076 0.63464 0.61896 0.60656 0.61116 0.60244 0.64232 0.63772 0.61212 0.58948 0.55588 0.47008 0.56676 0.64188 0.6066 0.49964 0.57316 0.60144 0.61464 0.58928 0.575 0.57524 0.52992 0.51956 0.46492 0.46832 0.50644 0.527 0.57948 0.56388 0.59364 0.6228 0.59424 0.591 0.63332 0.60508 0.59428 0.48716 0.57012 0.5506 0.4816 0.60136 0.48504 0.56348 0.4652
0.64564 0.63772 0.64676 0.64544 0.63808 0.64136 0.6386 0.5526 0.6372 0.57256 0.63432 0.63836 0.6424 0.63036 0.5998 0.60328 0.60664 0.6226 0.58372 0.54248 0.58152 0.58756 0.61568 0.63484 0.63692 0.6388 0.6346 0.62904 0.63428 0.61228 0.63564 0.62628 0.5978 0.61716 0.5936 0.56812 0.48264 0.63464 0.65964 0.60656 0.49176 0.5658 0.59828 0.57548 0.55996 0.51404 0.51256 0.46596 0.4616 0.53132 0.62476 0.60112 0.61408 0.591 0.59504 0.56392 0.62728 0.5958 0.62556 0.61724 0.60892 0.61304 0.49528 0.53276 0.49476 0.56444 0.59268 0.57664 0.59796 0.57076
0.63756 0.63776 0.64148 0.64088 0.63672 0.63924 0.64352 0.59432 0.6014 0.60524 0.62844 0.62088 0.6284 0.597 0.59916 0.57112 0.5972 0.60656 0.60924 0.58376 0.60684 0.6228 0.6136 0.6156 0.63888 0.64196 0.636 0.64556 0.63024 0.64924 0.63636 0.62488 0.62756 0.63648 0.6032 0.57456 0.4766 0.6404 0.6318 0.4736 0.55052 0.5848 0.59228 0.5426 0.51228 0.47248 0.4954 0.49412 0.54808 0.55948 0.58216 0.6224 0.62552 0.63356 0.61064 0.60784 0.63736 0.5974 0.62528 0.60352 0.62756 0.59 0.5862 0.58764 0.53148 0.60332 0.6036 0.58492 0.593 0.58268
0.64084 0.64336 0.63484 0.64536 0.64156 0.64336 0.6324 0.63128 0.64116 0.63772 0.64072 0.61212 0.5894 0.57444 0.575 0.57512 0.5876 0.6266 0.6228 0.62932 0.60676 0.65192 0.63504 0.62884 0.64696 0.64076 0.64456 0.65088 0.64468 0.64356 0.62756 0.63796 0.64412 0.62508 0.58536 0.51964 0.47452 0.66024 0.64748 0.52524 0.54924 0.5746 0.539 0.53104 0.51804 0.53076 0.49484 0.46584 0.482 0.58748 0.58352 0.5854 0.61032 0.60844 0.604 0.59764 0.5988 0.60824 0.5954 0.58476 0.5932 0.61572 0.59068 0.58644 0.56684 0.61332 0.59124 0.559 0.57676 0.58884
0.64152 0.6374 0.63296 0.6232 0.64352 0.642 0.63952 0.63396 0.64076 0.64092 0.6418 0.57536 0.56452 0.5634 0.55188 0.5616 0.57756 0.58156 0.60924 0.62348 0.60716 0.62736 0.6454 0.64204 0.65036 0.6492 0.64648 0.64752 0.64564 0.65312 0.64724 0.646 0.63748 0.6188 0.5912 0.48924 0.639 0.67964 0.69096 0.57828 0.5434 0.559 0.56668 0.56992 0.5694 0.56616 0.55312 0.48216 0.47152 0.49412 0.5568 0.54996 0.6062 0.59096 0.61112 0.61496 0.61116 0.59792 0.61596 0.5752 0.609 0.60524 0.59972 0.60076 0.59884 0.61148 0.6134 0.5848 0.60588 0.62552
0.63972 0.62688 0.62088 0.64008 0.6404 0.6016 0.63524 0.63392 0.64292 0.6402 0.63268 0.62152 0.59852 0.5938 0.53048 0.50664 0.47944 0.50588 0.63188 0.63864 0.61624 0.65136 0.64756 0.62812 0.6348 0.6428 0.65368 0.63728 0.65732 0.65564 0.64688 0.65524 0.63076 0.61312 0.5662 0.47672 0.64248 0.70164 0.644 0.52476 0.5198 0.55472 0.523 0.55252 0.53184 0.56664 0.5828 0.529 0.54688 0.4664 0.5234 0.48276 0.59008 0.5818 0.52684 0.5456 0.5978 0.56928 0.57612 0.60536 0.59608 0.60428 0.61836 0.61072 0.61044 0.60816 0.61712 0.595 0.61708 0.63016
0.63332 0.62836 0.64508 0.64396 0.64036 0.64572 0.60556 0.62176 0.6426 0.64176 0.64148 0.64156 0.63156 0.58052 0.47688 0.46044 0.45232 0.62384 0.63236 0.62992 0.62228 0.61368 0.62128 0.62456 0.65608 0.6492 0.64548 0.6476 0.63928 0.63836 0.64704 0.66048 0.6176 0.56544 0.60084 0.5312 0.64056 0.70168 0.58388 0.6352 0.51476 0.50392 0.58412 0.54188 0.47552 0.53824 0.57384 0.4972 0.54712 0.53092 0.50064 0.48024 0.57404 0.52564 0.56108 0.51812 0.52348 0.6204 0.60176 0.60156 0.61336 0.62076 0.6324 0.61648 0.62692 0.61308 0.6198 0.6194 0.61092 0.61664
0.55776 0.48884 0.61268 0.64144 0.62552 0.63512 0.64452 0.64256 0.63468 0.63596 0.65244 0.6462 0.64008 0.62156 0.62544 0.56428 0.51564 0.53116 0.58836 0.60312 0.60492 0.61652 0.62796 0.64376 0.6282 0.6312 0.649 0.64784 0.64264 0.64644 0.66652 0.64568 0.63812 0.62172 0.59908 0.49736 0.65072 0.68232 0.6166 0.569 0.57736 0.6046 0.57276 0.46172 0.53388 0.53888 0.59064 0.57316 0.57304 0.50712 0.47264 0.56808 0.52088 0.48012 0.50264 0.57876 0.59824 0.59852 0.60936 0.61984 0.619 0.63836 0.63212 0.63108 0.63584 0.63372 0.6184 0.6246 0.61336 0.62048
0.59356 0.63508 0.62032 0.62408 0.63704 0.64272 0.62812 0.63804 0.6438 0.6354 0.64248 0.6442 0.64852 0.63804 0.6364 0.625 0.584 0.53096 0.60616 0.59876 0.61516 0.62632 0.63216 0.619 0.62488 0.62092 0.62052 0.63892 0.64908 0.63908 0.651 0.65 0.639 0.60648 0.58148 0.4612 0.52668 0.49508 0.5814 0.52796 0.56016 0.65804 0.60528 0.52076 0.48396 0.56828 0.5888 0.5804 0.58056 0.55452 0.56396 0.6188 0.5936 0.61868 0.60656 0.59932 0.6178 0.61788 0.624 0.61748 0.62476 0.64232 0.61024 0.64068 0.64248 0.64304 0.61828 0.61128 0.62872 0.63276
0.61028 0.61968 0.64272 0.63868 0.64488 0.63752 0.64532 0.61104 0.64252 0.63684 0.64256 0.637 0.65268 0.63908 0.63696 0.63796 0.63808 0.63772 0.616 0.6174 0.61 0.60796 0.62764 0.62896 0.65044 0.65204 0.64944 0.6476 0.6458 0.66464 0.6656 0.637 0.65132 0.62144 0.60476 0.5214 0.57304 0.59532 0.5218 0.4906 0.61044 0.65848 0.65104 0.51136 0.54112 0.55244 0.56084 0.6038 0.60428 0.5688 0.53012 0.57528 0.48932 0.59904 0.60824 0.62292 0.64396 0.623 0.61212 0.61956 0.6376 0.60956 0.62188 0.62304 0.64152 0.64412 0.61832 0.62388 0.61016 0.62664
0.60872 0.60972 0.623 0.64052 0.63224 0.63884 0.64108 0.63596 0.64396 0.62312 0.63312 0.65164 0.64484 0.65092 0.65212 0.62612 0.644 0.64872 0.63624 0.63948 0.64976 0.63532 0.65176 0.64956 0.64816 0.65148 0.65268 0.6576 0.6608 0.64672 0.6676 0.64844 0.65248 0.64272 0.62588 0.60824 0.60172 0.61396 0.55216 0.51096 0.61224 0.60664 0.60688 0.53292 0.48228 0.50648 0.49608 0.5734 0.60288 0.57676 0.5776 0.4892 0.54344 0.61844 0.64404 0.64048 0.62008 0.62504 0.64996 0.63652 0.61372 0.61076 0.613 0.61004 0.61288 0.60932 0.62256 0.6162 0.63112 0.60628
0.60684 0.60324 0.61416 0.6068 0.60512 0.61996 0.62544 0.61976 0.61976 0.63648 0.64696 0.63952 0.64344 0.6514 0.65116 0.64484 0.65024 0.65048 0.637 0.64964 0.64744 0.64852 0.64784 0.65068 0.64856 0.66064 0.64428 0.6488 0.64856 0.64468 0.64676 0.66488 0.64552 0.62932 0.63504 0.63184 0.62864 0.599 0.56332 0.46596 0.54432 0.53896 0.61752 0.63844 0.63752 0.64096 0.61972 0.47924 0.55344 0.61768 0.5616 0.586 0.61812 0.64668 0.62908 0.61076 0.59964 0.59924 0.5964 0.59676 0.60552 0.61172 0.60368 0.58912 0.60712 0.60516 0.61888 0.60696 0.59908 0.60812
0.5966 0.61312 0.60296 0.60588 0.61968 0.61348 0.61304 0.62976 0.63236 0.62288 0.63684 0.64584 0.63584 0.64696 0.64676 0.64988 0.6466 0.64364 0.63972 0.6442 0.64888 0.64696 0.64804 0.64888 0.6454 0.64488 0.64944 0.64852 0.6176 0.62368 0.64816 0.6446 0.649 0.6504 0.65884 0.63436 0.63884 0.57048 0.4762 0.62696 0.59964 0.5984 0.63912 0.61896 0.58104 0.55904 0.54256 0.51412 0.56476 0.62624 0.61072 0.60288 0.60012 0.64304 0.6042 0.60776 0.60268 0.58512 0.56308 0.56056 0.60264 0.60924 0.6034 0.60608 0.6096 0.62244 0.6222 0.60844 0.62456 0.63244
